version: 1
creator: callgrind-3.10.1
pid: 7302
cmd:  ./a.out
part: 1


desc: I1 cache: 
desc: D1 cache: 
desc: LL cache: 

desc: Timerange: Basic block 0 - 1993760
desc: Trigger: Program termination

positions: line
events: Ir
summary: 27387998


ob=(4) /usr/lib/valgrind/vgpreload_core-x86-linux.so
fl=(50) ???
fn=(214) 0x000003e0
0 12

fn=(438) 0x00000480
0 4
cfn=(214)
calls=1 0 
0 2
0 10
cob=(3) /lib/i386-linux-gnu/libc-2.19.so
cfi=(100) /build/buildd/eglibc-2.19/stdlib/cxa_finalize.c
cfn=(452) __cxa_finalize
calls=1 31 
0 73
cob=(1) /lib/i386-linux-gnu/ld-2.19.so
cfi=(60) /build/buildd/eglibc-2.19/elf/../sysdeps/i386/dl-trampoline.S
cfn=(262) _dl_runtime_resolve
calls=1 28 
0 748
0 5
0 1
cfn=(458) 0x000003f0
calls=1 0 
0 17
0 5

fn=(458)
0 4
cfn=(214)
calls=1 0 
0 2
0 11

fn=(220) 0x000004d0
0 4
cfn=(214)
calls=1 0 
0 2
0 19
cfn=(214)
calls=1 0 
0 2
0 9

ob=(1)
fl=(99) /build/buildd/eglibc-2.19/elf/dl-fini.c
fn=(422) _dl_sort_fini
32 8
cfi=(3) /build/buildd/eglibc-2.19/elf/../sysdeps/i386/dl-tlsdesc.S
cfn=(4) 0x000187a8
calls=1 +98 
* 2
* 1
+2 1
-2 4
+2 1
+5 3
+1 1
-1 1
+1 4
-1 1
+1 1
+1 4
cfi=(33) /build/buildd/eglibc-2.19/string/../sysdeps/i386/i686/multiarch/../memset.S
cfn=(118) memset
calls=1 +7 
* 21
* 6
+15 3
+62 4
+3 20
cfi=(33)
cfn=(118)
calls=2 -73 
* 39
* 12
-76 6
+1 10
-1 2
+1 6
+4 6
+71 3
-76 3
+1 5
-1 1
+1 3
+4 9
+6 3
+1 3
-1 3
+1 9
+2 4
+1 4
-1 2
+1 4
+3 6
-1 9
+31 9
+21 6
-57 9
+61 9
+7 6

fn=(420) _dl_fini
131 6
cfi=(3)
cfn=(4)
calls=1 -1 
* 2
* 4
+19 1
-6 1
-1 3
+10 14
+86 3
-83 4
cfi=(2) /build/buildd/eglibc-2.19/elf/rtld.c
cfn=(50) rtld_lock_default_lock_recursive
calls=1 837 
* 3
+3 2
+3 2
+2 6
+7 1
+4 1
-4 2
+4 2
+2 3
+3 7
+3 3
+10 8
+2 8
+2 4
+1 4
+1 4
+4 4
-12 12
+14 3
+5 7
cfn=(422)
calls=1 32 
* 277
+9 1
-9 1
+9 2
cfi=(2)
cfn=(52) rtld_lock_default_unlock_recursive
calls=1 843 
* 3
+4 4
+2 3
+2 3
-2 9
+2 9
+3 8
+3 12
+4 4
+7 4
+4 2
+1 2
-1 2
+1 2
-1 2
+1 2
+2 12
+1 2
cob=(4)
cfi=(50)
cfn=(438)
calls=1 0 
* 865
cob=(5) /home/tonny/Documentos/paralelos/paralelos/a.out
cfi=(59) ???
cfn=(424) 0x08048490
calls=1 0 
* 14
-1 6
+5 6
+1 6
cob=(2) ???
cfi=(16) ???
cfn=(466) 0x0402460c
calls=1 0 
* 9
cob=(2)
cfi=(16)
cfn=(434) 0x08049264
calls=1 0 
* 9
+5 28
-39 8
+55 4
-55 9
-70 2
283 6
-49 6
+55 2
+7 6

fl=(27) /build/buildd/eglibc-2.19/string/../sysdeps/i386/i686/multiarch/../../i586/strchr.S
fn=(76) index
45 7
+2 7
+3 7
+2 7
+3 7
+1 7
+2 7
+2 7
+6 7
+1 7
+2 7
+1 7
+2 7
+1 7
+2 7
+2 3
+1 3
+2 3
+1 3
+2 3
+1 3
+2 3
+1 3
+2 3
+1 3
+2 3
+1 3
+2 3
+1 3
+2 3
+2 3
+2 3
+1 3
+2 3
+1 3
+2 3
+10 3
+1 3
+2 3
+1 3
+25 3
+1 3
+2 3
+1 3
-33 4
+1 4
+2 4
+1 4
+25 4
+1 4
+2 4
+1 4
-4 2
+1 2
+2 2
+1 2
+2 9
+1 9
+2 9
+1 9
+2 9
+1 9
+2 9
+1 9
+2 9
+1 9
+2 9
+1 9
+2 9
+1 9
+2 9
+1 9
+2 8
+1 8
+2 8
+1 8
+2 8
+1 8
+2 8
+1 8
+2 6
+1 6
+2 6
+1 6
+2 6
+1 6
+2 6
+1 6
+2 6
+1 6
+2 6
+1 6
+2 6
+1 6
+2 6
+1 6
+2 6
+1 6
+2 6
+1 6
+2 5
+1 5
+2 5
+1 5
+2 5
+1 5
+2 5
+1 5
+2 5
+1 5
+2 5
+1 5
+2 5
+1 5
+2 5
+1 5
+2 3
+1 3
+2 3
+1 3
+2 2
+1 2
+2 2
+1 2
+2 2
+1 2
+2 2
+1 2
+2 2
+1 2
+2 2
+2 2
+4 1
+1 1
+2 1
+15 7
+3 7
+4 7
+3 7
+4 7
+9 6
+1 6
+2 6
+2 6
+1 6
+2 6
+2 6
+1 6
+2 6
+1 6
+2 5
+1 5
+2 5
+1 5
+2 5
+1 5
+8 6
+1 6

fl=(49) /build/buildd/eglibc-2.19/elf/dl-init.c
fn=(210) call_init.part.0
34 28
+8 4
+3 4
-11 4
cfi=(3)
cfn=(4)
calls=4 +96 
* 8
* 4
+8 8
+3 12
+5 9
+5 4
+8 4
+1 16
cob=(3)
cfi=(51) /build/buildd/eglibc-2.19/csu/init-first.c
cfn=(232) _init
calls=1 -12 
* 158
cob=(2)
cfi=(16)
cfn=(212) 0x04024370
calls=1 -64 
* 12
+3 2
+1 4
+6 2
+2 4
-2 4
+3 2
-3 2
+3 6
+1 12
cob=(3)
cfi=(55) /build/buildd/eglibc-2.19/libio/oldstdfiles.c
cfn=(240) _IO_check_libio
calls=1 -1 
* 12
cob=(4)
cfi=(50)
cfn=(220)
calls=1 -78 
* 36
* 12
cob=(3)
cfi=(58) /build/buildd/eglibc-2.19/elf/dl-altinit.c
cfn=(250) dlinit_alt
calls=1 -37 
* 11
cob=(3)
cfi=(56) /build/buildd/eglibc-2.19/string/../sysdeps/x86_64/cacheinfo.c
cfn=(242) init_cacheinfo
calls=1 550 
* 3428
-1 12
+3 18
-29 3
+29 6
-34 3

fn=(208) _dl_init
86 6
cfi=(3)
cfn=(4)
calls=1 +44 
* 2
* 2
+1 1
-1 1
+2 1
-2 1
+5 3
+7 2
+26 2
+1 19
+1 8
-90 26
cfn=(210)
calls=3 -2 
* 3745
* 3
+96 6
-96 8
cfn=(210)
calls=1 -2 
* 109
* 1
+58 2

fl=(36) /build/buildd/eglibc-2.19/elf/dl-cache.c
fn=(198) _dl_unload_cache
308 2
cfi=(3)
cfn=(4)
calls=1 130 
* 2
* 2
+1 4
+2 4
cfi=(48) /build/buildd/eglibc-2.19/misc/../sysdeps/unix/syscall-template.S
cfn=(200) munmap
calls=1 81 
* 9
+1 1
+2 3

fn=(132) _dl_load_cache_lookup
182 5
cfi=(3)
cfn=(4)
calls=1 -52 
* 2
* 3
+8 2
+3 3
+51 4
+9 1
+2 1
-2 2
fi=(37) /build/buildd/eglibc-2.19/elf/../sysdeps/i386/dl-procinfo.h
100 4
+3 3
cfi=(19) /build/buildd/eglibc-2.19/string/../sysdeps/i386/i686/multiarch/../strcmp.S
cfn=(54) strcmp
calls=1 -73 
* 16
* 9
cfi=(19)
cfn=(54)
calls=3 -73 
* 71
* 8
-2 12
fe=(36)
259 4
cfi=(24) /build/buildd/eglibc-2.19/io/../sysdeps/unix/syscall-template.S
cfn=(68) access
calls=1 81 
* 16
* 1
+4 8
+15 156
cfn=(138) _dl_cache_libcmp
calls=10 138 
* 1066
* 45
fi=(37)
104 1
fe=(36)
257 10
-61 4
cfi=(31) /build/buildd/eglibc-2.19/elf/dl-misc.c
cfn=(134) _dl_sysdep_read_whole_file
calls=1 45 
* 102
+8 1
-8 1
+8 4
+1 5
cfi=(14) /build/buildd/eglibc-2.19/string/../sysdeps/i386/i686/multiarch/../memcmp.S
cfn=(30) bcmp
calls=1 46 
* 40
* 2
+7 1
-3 1
+3 2
+3 1
+1 2
-1 1
+1 1
+1 5
cfi=(14)
cfn=(30)
calls=1 46 
* 43
* 2
+2 2
+59 18
cfn=(138)
calls=1 138 
* 108
* 5
-15 1
+15 1
-15 4
+15 16
-15 2
+15 1
-14 1
-1 2
+15 26
+16 2
+5 7

fn=(138)
138 66
+1 48
+2 53
+2 53
-2 106
+2 6
+7 1
-1 3
+1 1
-1 1
+1 3
+1 3
-2 1
+2 1
+2 5
+2 2
+6 260
+2 208
+4 42
-28 42
+29 42
-29 127
+32 1
+1 4
-1 1
+1 1
-19 3
+11 10
+8 10
-8 20
+8 10
-8 10
+8 30

fl=(10) /build/buildd/eglibc-2.19/elf/../sysdeps/unix/sysv/linux/i386/brk.c
fn=(18) brk
33 3
cfi=(3)
cfn=(4)
calls=1 +97 
* 2
* 1
+4 5
+2 1
+8 1
-6 2
+7 2

fl=(24)
fn=(122) close
81 21
+1 3

fn=(68)
81 24
+1 3
cfi=(22) /build/buildd/eglibc-2.19/elf/dl-load.c
cfn=(70) 0x000187a4
calls=3 1512 
* 6
* 15

fn=(112) read
81 18
+1 2

fn=(110) open
81 171
+1 19
cfi=(22)
cfn=(70)
calls=16 1512 
* 32
* 80

fl=(26) /build/buildd/eglibc-2.19/misc/../sysdeps/unix/sysv/linux/i386/mmap.S
fn=(74) mmap
29 8
+2 8
+2 8
+2 8
+3 8
+2 8
+1 8
+1 8
+2 8
+2 8
+2 8
+1 8
+1 8
+1 8
+2 8
+3 8
+3 8
+3 8
+3 8
+3 8
+5 8
+1 8
+3 8

fl=(48)
fn=(190) mprotect
81 36
+1 4

fn=(200)
81 8
+1 1

fl=(32) /build/buildd/eglibc-2.19/io/../sysdeps/unix/sysv/linux/fxstat64.c
fn=(116) __fxstat64
33 3
+2 3
-2 3
cfi=(3)
cfn=(4)
calls=3 +97 
* 6
* 3
+2 21
+6 6

fl=(31)
fn=(134)
45 7
cfi=(3)
cfn=(4)
calls=1 +85 
* 2
* 2
+7 3
cfi=(24)
cfn=(110)
calls=1 +29 
* 10
+1 1
-1 1
+1 1
+2 5
cfi=(32)
cfn=(116)
calls=1 -22 
* 15
* 2
+2 1
+3 1
-3 1
+3 1
+13 2
cfi=(24)
cfn=(122)
calls=1 +8 
* 8
+3 7
-14 7
cfi=(26)
cfn=(74)
calls=1 -33 
* 23
* 2

fn=(106) _dl_name_match_p
288 264
cfi=(3)
cfn=(4)
calls=44 130 
* 88
* 88
+1 176
cfi=(19)
cfn=(54)
calls=44 30 
* 403
* 88
+3 44
+2 88
+4 45
-4 90
+1 192
cfi=(19)
cfn=(54)
calls=48 30 
* 746
* 96
+6 3
-11 3
+11 53
-1 41
+1 164

fl=(38) /build/buildd/eglibc-2.19/elf/dl-tls.c
fn=(418) ___tls_get_addr
769 3
cfi=(3)
cfn=(4)
calls=1 130 
* 2
* 1
+1 1
+2 3
+3 2
+2 2
+3 2
+1 3

fn=(140) _dl_next_tls_modid
50 5
cfi=(3)
cfn=(4)
calls=1 +80 
* 2
* 2
+3 3
+48 2
+4 6

fn=(194) _dl_allocate_tls_init
376 6
cfi=(3)
cfn=(4)
calls=1 130 
* 2
* 1
+1 1
-1 1
+1 1
+4 2
+3 1
-1 1
-2 1
+8 3
+5 8
+6 6
+22 2
+1 5
+2 2
+1 3
+8 3
+1 1
+1 5
cfi=(25) /build/buildd/eglibc-2.19/string/../sysdeps/i386/i686/multiarch/../mempcpy.S
cfn=(72) mempcpy
calls=1 40 
* 16
* 6
cfi=(33)
cfn=(118)
calls=1 48 
* 36
-42 7
+6 2
+3 1
+1 2
+6 5
+3 2
-1 2
+38 3
+2 1
+1 6

fn=(158) allocate_dtv
288 5
cfi=(3)
cfn=(4)
calls=1 130 
* 2
* 2
+8 1
-1 2
+1 3
cfi=(17) /build/buildd/eglibc-2.19/elf/dl-minimal.c
cfn=(36) calloc
calls=1 102 
* 73
* 1
+1 2
+9 1
-6 1
+6 1
+6 6

fn=(192) _dl_add_to_slotinfo
831 6
cfi=(3)
cfn=(4)
calls=1 130 
* 2
* 2
+6 2
+3 2
+5 3
+41 3
+1 3
+1 6

fn=(154) _dl_determine_tlsoffset
112 5
cfi=(3)
cfn=(4)
calls=1 +18 
* 2
* 2
+6 3
+3 3
+36 1
-34 2
+34 2
+2 4
-2 1
-2 1
-40 1
-1 1
-1 2
+44 6
+5 1
-1 1
+5 1
-4 1
-1 2
+3 1
-3 1
+7 1
-4 3
+2 6
+16 5
+2 1
-2 1
+2 1
+1 1
-1 2
+10 1
-12 2
+15 9
+1 1
+51 2
+1 6

fn=(156) _dl_allocate_tls_storage
328 5
cfi=(3)
cfn=(4)
calls=1 130 
* 2
* 2
+2 1
+11 4
cfi=(17)
cfn=(44) __libc_memalign
calls=1 51 
* 35
* 1
+1 1
-1 1
+1 1
+7 1
+4 318
+11 2
cfn=(158)
calls=1 -76 
* 100
+1 2
+5 6

fl=(23) /build/buildd/eglibc-2.19/elf/dl-hwcaps.c
fn=(66) _dl_important_hwcaps
39 7
cfi=(3)
cfn=(4)
calls=1 +91 
* 2
* 5
+2 5
+1 1
-1 1
+1 1
+9 1
-9 3
+9 8
+1 7
-1 1
+1 1
+1 1
-2 1
+2 1
-2 6
+1 182
-1 26
+1 26
+1 26
-2 26
+2 26
-2 480
+10 4
+31 2
+23 5
cfi=(24)
cfn=(68)
calls=1 -34 
* 16
* 3
-2 3
+17 5
+3 1
-3 1
+3 1
+29 3
+3 2
-3 1
+3 4
-2 270
+2 16
+1 4
cfi=(11) /build/buildd/eglibc-2.19/string/../sysdeps/i386/i686/multiarch/../../i586/strlen.S
cfn=(22) strlen
calls=2 43 
* 50
+1 2
-1 4
+1 10
+1 2
-1 12
-5 112
+8 2
+2 3
+1 6
+4 1
+4 1
-4 2
+1 1
+3 1
+3 1
+1 1
-1 1
+4 2
+1 1
-1 6
+1 1
+2 1
+1 6
+1 2
-1 3
+1 2
-1 3
+2 2
+1 2
+2 2
-1 1
+1 1
-1 2
+5 4
+6 6
+1 3
-1 1
+1 1
cfi=(17)
cfn=(40) malloc
calls=1 93 
* 49
* 1
+1 1
-1 1
+1 1
+29 3
+3 1
-3 2
+3 2
+7 12
+6 1
-3 1
+3 1
-3 1
+3 4
cfi=(25)
cfn=(72)
calls=1 40 
* 16
* 3
-3 3
+3 3
-3 3
+3 12
cfi=(25)
cfn=(72)
calls=3 40 
* 48
+3 4
-3 4
+3 4
-3 8
+3 20
+1 40
+1 36
cfi=(25)
cfn=(72)
calls=4 40 
* 60
* 12
-2 4
+2 4
-2 4
+5 32
cfi=(25)
cfn=(72)
calls=4 40 
* 60
+2 4
-2 8
+2 8
+5 10
+1 2
-1 2
+1 30
-1 33
+8 1
-3 3
+3 1
-3 1
+3 6
-3 9
+3 3
-3 3
+3 13
+1 96
+1 32
-1 32
+1 64
-2 32
+1 64
-1 96
+4 8
+3 1
+2 2
-2 1
+1 1
+1 1
-1 1
+1 2
-1 1
+1 2
+3 3
+3 3
-3 6
-3 6
+2 30
+3 3
+1 3
-1 3
-5 15
+13 1
+1 1
-1 2
+3 2
-3 7
+1 7
-1 14
+3 14
+3 4
+3 1
-1 1
+1 5
145 2
-14 2

fl=(12) /build/buildd/eglibc-2.19/elf/../misc/sbrk.c
fn=(24) sbrk
34 4
cfi=(3)
cfn=(4)
calls=1 +96 
* 2
* 3
+8 6
+4 2
+11 6

fl=(18) /build/buildd/eglibc-2.19/string/../sysdeps/i386/i686/multiarch/../memcpy.S
fn=(46) memcpy
40 13
+1 13
+1 13
+1 13
+2 13
+1 13
+1 13
+1 13
+1 13
+1 13
+2 9
+1 9
+2 9
+1 9
+11 9
+1 9
+1 9
+1 9
+1 47
+2 9
+1 19
+2 9
+2 9
+1 9
+1 9
+2 9
-4 4
+1 4
+1 4
+2 4
+6 4
+1 4
+1 1
+1 1
+1 1
-1 3
+1 3
+1 3
+1 24
+2 4

fl=(30) /build/buildd/eglibc-2.19/setjmp/../sysdeps/i386/setjmp.S
fn=(100) __sigsetjmp
30 3
+3 3
+1 3
+1 3
+1 3
+4 3
+1 3
+5 3
+1 3
+4 3
+1 3

fl=(21) /build/buildd/eglibc-2.19/posix/../sysdeps/unix/syscall-template.S
fn=(62) uname
81 7
+1 1

fl=(41) /build/buildd/eglibc-2.19/elf/dl-reloc.c
fn=(164) _dl_relocate_object
154 32
cfi=(3)
cfn=(4)
calls=4 -24 
* 8
* 4
+15 8
+1 20
+6 12
+6 12
-18 8
+22 4
-22 4
+22 4
+7 16
-32 4
+77 16
fi=(6) /build/buildd/eglibc-2.19/elf/../sysdeps/i386/dl-machine.h
103 28
fe=(41)
264 274
-99 44
fi=(5) /build/buildd/eglibc-2.19/elf/do-rel.h
-67 8
fe=(41)
264 4
fi=(5)
47 4
+11 4
-11 4
fe=(41)
264 4
fi=(5)
58 4
fe=(41)
264 4
fi=(5)
47 4
+11 4
-11 4
fe=(41)
264 4
fi=(5)
58 4
+3 3
fi=(6)
401 6
fi=(5)
61 6
fi=(6)
661 3
-1 6
+1 3
-1 3
+3 6
-2 19
-1 38
+1 19
-1 19
+3 38
+2 72
+1 18
fi=(5)
61 98
fe=(41)
264 244
fi=(6)
610 8
fi=(5)
47 4
+51 4
-52 4
+1 4
+37 4
+14 4
-14 4
-1 4
+3 4
-3 4
+3 12
+12 4
-51 4
+51 4
-52 4
+1 4
+37 4
+14 4
-14 4
-1 4
+3 4
-3 4
+3 12
+12 4
+10 26
+10 32
+3 6
+3 6
-3 6
+3 6
fi=(6)
511 8
fe=(41)
264 24
+3 12
+28 4
+3 4
-3 4
+3 8
+17 16
+1 8
cfn=(188) _dl_protect_relro
calls=4 +6 
* 168
* 8
+1 24
183 12
fi=(6)
-74 6
+4 9
+13 3
-8 3
+8 3
-8 3
+8 3
+13 9
fi=(5)
-55 10
-1 10
+3 10
+12 15
+7 9
+6 4
+1 4
fi=(6)
639 10
fi=(5)
112 2508
fi=(6)
639 2508
fi=(5)
111 1256
fi=(6)
640 1256
fi=(5)
111 2512
+7 20
+3 8
+3 12
fi=(6)
465 9
fi=(5)
136 3
+3 3
-3 6
+3 3
-1 3
-2 6
+2 3
-2 3
+1 6
+2 3
-1 3
fi=(6)
308 3
+3 3
fi=(5)
137 6
fi=(6)
311 3
fi=(5)
136 100
+3 100
-3 200
+3 100
-1 100
-2 200
+2 100
-2 100
+1 200
+2 100
-1 100
fi=(6)
308 100
+3 100
fi=(5)
137 200
fi=(6)
311 100
+17 206
+9 2538
fi=(5)
137 79
fi=(6)
337 237
fi=(5)
138 79
fi=(6)
337 340
fi=(5)
137 6
fi=(6)
337 18
fi=(5)
138 6
fi=(6)
337 1554
cfi=(7) /build/buildd/eglibc-2.19/elf/dl-lookup.c
cfn=(170) _dl_lookup_symbol_x
calls=85 714 
* 52379
* 510
+1 382
+3 404
+6 515
fi=(5)
124 415
fi=(6)
370 6
+1 12
+67 30
+2 40
+1 70
-84 243
+91 27
337 39
+1 2
+2 4
fe=(41)
-76 104
fi=(6)
465 2
fi=(5)
160 4
+11 3
-1 1
+1 1
-1 1
fi=(6)
308 1
fi=(5)
170 3
fi=(6)
311 3
fi=(5)
171 12
-1 4
+1 4
-1 4
fi=(6)
308 4
fi=(5)
170 12
fi=(6)
311 12
+17 10
+9 205
cfi=(7)
cfn=(170)
calls=5 714 
* 2758
* 30
+1 13
+3 4
+6 25
fi=(5)
160 21
fi=(6)
340 4
-2 4
+2 4
fe=(41)
-76 3
fi=(6)
+93 20
fi=(5)
111 18
+49 8
fi=(6)
502 16
fe=(41)
264 28
fi=(6)
671 8
337 135
718 8
+2 4
+1 4
-1 8
+1 8
+1 4
cob=(3)
cfi=(47) /build/buildd/eglibc-2.19/wcsmbs/../sysdeps/i386/i686/multiarch/wcslen.S
cfn=(186) wcslen
calls=1 28 
* 13
cob=(3)
cfi=(46) /build/buildd/eglibc-2.19/string/../sysdeps/i386/i686/multiarch/memrchr.S
cfn=(184) memrchr
calls=1 36 
* 14
cob=(3)
cfi=(45) /build/buildd/eglibc-2.19/string/../sysdeps/i386/i686/multiarch/strncase.S
cfn=(182) strncasecmp
calls=1 27 
* 15
cob=(3)
cfi=(42) /build/buildd/eglibc-2.19/string/../sysdeps/i386/i686/multiarch/strnlen.S
cfn=(176) strnlen
calls=1 28 
* 105
+1 8
fe=(41)

fn=(188)
322 24
cfi=(3)
cfn=(4)
calls=4 130 
* 8
* 8
+1 8
+1 8
-1 8
+2 8
+3 8
+1 20
cfi=(48)
cfn=(190)
calls=4 81 
* 40
* 8
+6 20

fl=(22)
fn=(64) _dl_init_paths
714 7
cfi=(3)
cfn=(4)
calls=1 130 
* 2
* 2
+13 6
cfi=(23)
cfn=(66)
calls=1 39 
* 2618
* 1
+5 1
-5 1
+5 1
cfi=(17)
cfn=(40)
calls=1 93 
* 49
* 1
+1 1
-1 1
-1 1
+2 1
+8 1
-1 1
+1 2
-1 2
+5 4
cfi=(17)
cfn=(40)
calls=1 93 
* 88
* 1
-1 1
+3 1
-3 1
+3 2
+15 1
+14 4
-7 1
-7 2
+2 3
+3 7
+2 1
-16 1
+1 1
+11 1
+4 1
-1 1
+1 1
+4 24
+1 4
-1 12
+1 60
-1 184
+3 12
-14 3
+2 3
+12 3
-14 6
+2 3
+4 3
-3 3
+2 6
+1 6
+1 15
+3 9
-10 6
+7 6
+18 1
-11 1
+7 2
-1 1
+6 1
-5 1
+5 1
+2 4
+2 3
+38 4
+8 3
cfi=(27)
cfn=(76)
calls=1 45 
* 110
* 2
+2 2
cfi=(11)
cfn=(22)
calls=1 43 
* 53
* 10
cfi=(18)
cfn=(46)
calls=1 40 
* 32
* 1
+17 3
-1 3
+3 1
+1 2
+1 1
-4 3
+2 13
+1 26
+1 13
-4 40
+8 2
cfi=(17)
cfn=(40)
calls=1 93 
* 49
* 1
+1 1
-2 1
+2 1
+6 11
cfn=(78) fillin_rpath
calls=1 486 
* 972
+4 4
+6 1
+4 6
-75 1
-2 1
+2 2
+14 2

fn=(82) expand_dynamic_string_token
415 14
cfi=(3)
cfn=(4)
calls=2 130 
* 4
* 6
+10 4
-10 2
+10 2
cfi=(27)
cfn=(76)
calls=2 45 
* 366
* 4
+15 2
-11 2
+11 8
-11 2
cfn=(84) local_strdup
calls=2 160 
* 389

fn=(70)
1512 46

fn=(104) _dl_map_object
2317 21
+7 3
-7 3
cfi=(3)
cfn=(4)
calls=3 130 
* 6
* 6
+7 6
+1 9
+3 24
+12 12
-12 18
+5 21
+1 14
+2 21
cfi=(31)
cfn=(106)
calls=7 288 
* 529
* 15
2607 6
2362 4
+10 12
+26 4
-2 2
+2 2
cfi=(27)
cfn=(76)
calls=2 45 
* 138
* 4
2538 8
cfn=(82)
calls=1 415 
* 517
+1 1
-3 1
+3 2
+4 7
cfn=(108) open_verify
calls=1 1873 
* 318
+3 1
-3 1
+3 1
+12 8
+2 2
-2 2
+2 2
+44 4
+1 32
cfn=(114) _dl_map_object_from_fd
calls=2 923 
* 3515
+2 12
2402 2
cfi=(11)
cfn=(22)
calls=1 43 
* 48
* 1
+2 1
-2 1
+2 1
+7 6
+35 2
+1 19
cfn=(128) open_path
calls=1 2168 
* 2785
* 3
+6 7
+1 2
691 3
2530 2
-95 2
+21 1
+6 4
+2 3
+4 2
cfi=(36)
cfn=(132)
calls=1 182 
* 1867
+2 1
-2 1
+2 1
+4 4
+8 2
+22 13
cfn=(108)
calls=1 1873 
* 373
+3 3
+2 2
cfn=(84)
calls=1 160 
* 190
+1 2
-1 1
+1 1
-74 8
691 1
2437 1
691 2
2415 2
+1 1
-1 4
+5 3
691 1
2421 1
691 2
2341 18
+3 2
+1 4
+1 6
cfi=(19)
cfn=(54)
calls=2 30 
* 25
* 4

fn=(78)
486 6
cfi=(3)
cfn=(4)
calls=1 130 
* 2
* 6
+2 3
+3 5
cfi=(17)
cfn=(80) strsep
calls=1 335 
* 300
* 5
cfi=(17)
cfn=(80)
calls=1 335 
* 26
* 4
+4 4
cfn=(82)
calls=1 -80 
* 288
+2 1
-2 1
+2 1
cfi=(11)
cfn=(22)
calls=1 43 
* 50
+7 2
-3 1
-4 1
+4 1
+7 6
+8 3
+7 20
+1 8
+57 2
cfi=(17)
cfn=(88) free
calls=1 119 
* 14
* 1
* 3
-39 3
+4 3
+1 3
-1 1
+1 1
-2 2
cfi=(17)
cfn=(40)
calls=1 93 
* 49
* 1
+3 2
-3 1
+3 1
+5 1
-1 2
+2 5
cfi=(25)
cfn=(72)
calls=1 40 
* 19
+1 1
+2 1
-3 1
+1 1
+2 1
+6 4
+1 1
-1 1
+1 5
+1 1
-1 3
+1 15
-1 46
+4 1
-1 1
+1 1
-1 1
+1 1
+7 1
+4 1
-3 1
-1 1
+4 5
-71 2
+5 4
+29 2
+43 3
+3 6
-15 2

fn=(128)
2168 7
+1 1
-1 1
cfi=(3)
cfn=(4)
calls=1 130 
* 2
* 2
+1 1
+6 1
-6 1
+6 1
+5 3
-7 1
-1 1
+8 10
1633 3
2192 3
+7 7
cfi=(25)
cfn=(72)
calls=1 40 
* 19
* 1
+1 3
+14 1
-14 1
-13 1
+27 2
+6 32
-20 63
+3 32
+4 144
cfi=(25)
cfn=(72)
calls=16 40 
* 272
* 96
cfi=(25)
cfn=(72)
calls=16 40 
* 272
+3 32
+3 48
+3 160
cfn=(108)
calls=16 1873 
* 768
* 16
+2 48
+67 6
+5 1
+2 1
-2 1
+2 4
+3 3
-13 1
+27 6
-84 48
+1 96
+6 96
+2 80
cfi=(35) /build/buildd/eglibc-2.19/io/../sysdeps/unix/sysv/linux/xstat64.c
cfn=(130) __xstat64
calls=16 33 
* 285
* 32
+1 4
+2 30
+7 32
-5 3

fn=(114)
923 14
cfi=(3)
cfn=(4)
calls=2 130 
* 4
* 6
+11 2
-11 2
+11 4
cfi=(28) /build/buildd/eglibc-2.19/elf/dl-debug.c
cfn=(90) _dl_debug_initialize
calls=2 47 
* 30
* 2
+4 10
cfi=(32)
cfn=(116)
calls=2 33 
* 30
* 4
+11 14
+1 14
-1 15
+1 40
+17 6
+25 4
+10 4
+22 8
+32 4
935 2
1059 20
cfi=(15) /build/buildd/eglibc-2.19/elf/dl-object.c
cfn=(32) _dl_new_object
calls=2 61 
* 1172
* 2
+1 2
-1 2
+1 2
+11 6
+1 6
+1 4
+2 6
+1 2
-1 2
-2 2
+3 10
+1 6
+24 20
+8 10
+97 2
1103 2
-1 2
-10 2
1206 4
-96 32
-1 102
+1 104
+6 4
+1 6
+1 2
+3 2
+1 1
+5 28
+6 4
+1 4
-1 24
+8 16
+1 4
-1 8
+1 4
-1 4
+1 24
+1 12
+2 4
-2 4
+3 4
-2 4
+2 4
-2 4
+3 8
+4 4
-5 4
+1 4
+4 4
+1 12
+5 14
-16 4
+26 2
-10 14
-16 4
+26 2
+3 3
+4 1
+1 1
+1 1
-1 1
+1 1
+4 2
+3 2
+4 4
+6 1
cfi=(38)
cfn=(140)
calls=1 50 
* 20
* 1
+1 1
+60 4
+1 4
+1 2
-6 4
+1 2
-72 4
+80 12
+13 8
+2 2
-2 2
+2 2
+19 20
-5 2
+5 4
cfi=(26)
cfn=(74)
calls=2 29 
* 46
+4 2
-4 2
+4 2
+7 2
+1 2
-1 2
+1 2
+2 2
-3 2
+1 2
+2 2
+10 2
+2 4
+33 16
+1 6
+2 12
+8 20
+6 2
+1 2
-1 2
+1 2
+1 4
+1 4
-1 8
+8 4
+3 4
+11 16
cfi=(33)
cfn=(118)
calls=2 48 
* 120
+1 10
+5 4
+15 4
-74 24
+2 10
+2 26
cfi=(26)
cfn=(74)
calls=2 29 
* 46
* 4
+74 8
+9 4
fi=(4) /build/buildd/eglibc-2.19/elf/get-dynamic-info.h
38 2
fe=(22)
1427 4
fi=(4)
38 2
+6 2
-2 2
+2 4
+25 6
+20 8
+1 10
+1 10
+1 10
+2 6
+3 10
+2 10
+1 8
+1 10
+6 6
+7 6
+5 6
+4 6
+1 6
+12 6
+5 1
+2 1
-2 1
+2 1
+2 2
+2 2
+3 6
+2 1
+8 1
-8 1
+9 2
-1 1
+5 2
+3 6
fe=(22)
1433 4
+16 6
+19 4
+2 10
+55 6
+1 2
+3 3
cfi=(24)
cfn=(122)
calls=1 81 
* 8
* 3
cfi=(24)
cfn=(122)
calls=1 81 
* 8
* 4
+8 10
+3 6
+2 2
-2 2
+2 2
+16 4
cfi=(7)
cfn=(12) _dl_setup_hash
calls=2 859 
* 74
+4 4
+1 6
+17 4
+1 1
+3 3
+1 1
-1 1
+1 2
+4 1
-4 1
+4 2
-5 3
+1 1
-1 1
+1 2
+4 1
-4 1
+4 2
+10 6
cfi=(15)
cfn=(48) _dl_add_to_namespace_list
calls=2 32 
* 110
+4 8
+20 12
fi=(4)
52 32
+10 8
-18 24
+8 35
+10 35
-18 105
+18 2
-18 6
+2 90
+5 40
+2 8
+3 8
+3 8
+2 6
fe=(22)
1356 7
+1 8
+1 4
-1 2
+3 5
+43 11
cfi=(26)
cfn=(74)
calls=1 29 
* 23
+3 2
1537 4
+1 2
fi=(4)
114 4
fe=(22)

fn=(84)
160 15
cfi=(3)
cfn=(4)
calls=3 -30 
* 6
* 6
+1 6
cfi=(11)
cfn=(22)
calls=3 43 
* 255
* 3
+1 6
cfi=(17)
cfn=(40)
calls=3 -69 
* 147
* 3
+2 6
+3 12
cfi=(18)
cfn=(46)
calls=3 40 
* 99
+1 15

fn=(108)
1873 108
cfi=(3)
cfn=(4)
calls=18 130 
* 36
* 108
+36 54
+21 72
cfi=(24)
cfn=(110)
calls=18 81 
* 292
+1 18
-1 18
+1 18
+11 4
+5 2
-6 2
+1 2
+5 18
cfi=(24)
cfn=(112)
calls=2 81 
* 20
+2 4
+2 4
+2 2
-2 4
+2 2
+6 4
+16 14
cfi=(14)
cfn=(30)
calls=2 46 
* 62
* 4
+2 4
-2 4
+4 14
cfi=(14)
cfn=(30)
calls=2 46 
* 72
-4 4
+75 6
+5 4
+3 10
+5 4
+7 2
+1 4
-1 4
+1 6
+1 6
+15 80
+2 36
+4 12
+1 6
+13 4
+1 2
-1 2
+1 4
-2 2
+4 6
+5 1
+1 1
-13 5
cfi=(14)
cfn=(30)
calls=1 46 
* 39
* 10
cfi=(14)
cfn=(30)
calls=2 46 
* 68
* 8
+16 2
+5 1
-2 1
+1 1
+1 1
+1 3
+1 4
-4 1
+1 1
-1 1
+2 1
-1 3
-1 1
+4 2
+5 16
+23 102
2006 3
+81 7
+67 6

fl=(15)
fn=(48)
32 18
cfi=(3)
cfn=(4)
calls=3 +98 
* 6
* 9
+2 9
cfi=(2)
cfn=(50)
calls=3 837 
* 9
+2 19
+4 3
-1 15
+2 2
+2 2
+5 2
-1 2
+1 2
-1 2
+1 2
+1 2
-1 2
+1 6
+2 4
cfi=(2)
cfn=(52)
calls=2 843 
* 6
-3 1
-1 1
+1 1
-1 1
+1 1
+1 1
-1 1
+1 3
+2 2
cfi=(2)
cfn=(52)
calls=1 843 
* 3
+1 18
-6 2

fn=(32)
61 15
cfi=(3)
cfn=(4)
calls=3 +69 
* 6
* 6
+1 3
-1 12
+1 3
cfi=(11)
cfn=(22)
calls=3 -19 
* 175
+6 3
-6 6
+6 3
-6 3
+6 3
+7 18
cfi=(17)
cfn=(36)
calls=3 +27 
* 225
* 3
+3 3
-3 3
+3 3
+4 3
-1 3
+1 6
+4 6
+1 24
cfi=(18)
cfn=(46)
calls=3 -47 
* 83
* 3
+2 3
-2 3
+10 12
+1 3
-1 3
+1 12
+3 3
-3 3
+3 3
+6 3
-4 3
+4 3
+3 10
+2 1
-2 3
+2 15
-2 45
+12 3
+4 3
-4 3
+6 3
-5 3
+5 9
+2 6
+3 7
+4 8
+4 4
+2 1
+6 1
+3 2
+3 6
-3 4
+3 12
+2 6
cfi=(11)
cfn=(22)
calls=2 43 
* 200
+4 2
-4 6
+4 8
+64 4
+4 18
68 30
+73 6
-39 8
+39 2
+70 12
cfi=(25)
cfn=(72)
calls=2 40 
* 48
* 2
+5 38
+1 38
-1 38
+1 40
-1 2
+1 6
+5 4
-57 4
cfi=(17)
cfn=(40)
calls=2 -72 
* 98
* 2
+1 2
-1 2
+1 6

fl=(13) /build/buildd/eglibc-2.19/elf/dl-environ.c
fn=(28) _dl_next_ld_env_entry
30 3
+3 9
+2 136
+11 66
-13 198
-2 1
+19 6
-14 20
+5 2
-3 2
+3 2
+2 2

fl=(9) /build/buildd/eglibc-2.19/elf/../sysdeps/unix/sysv/linux/dl-sysdep.c
fn=(60) _dl_discover_osversion
45 5
cfi=(3)
cfn=(4)
calls=1 +85 
* 2
* 2
+2 4
+40 3
cfi=(21)
cfn=(62)
calls=1 -6 
* 8
* 2
+15 1
-15 1
+20 1
-1 1
+3 12
+2 3
+2 3
-2 3
+2 10
+3 1
-1 1
+1 1
-3 4
+7 3
-1 3
+2 3
+2 13
+8 1
+1 6
-4 2

fl=(14)
fn=(30)
46 12
+2 12
+1 12
+1 12
+2 12
+1 12
+18 12
+2 12
+2 12
+2 12
+1 24
cfi=(3)
cfn=(4)
calls=12 +52 
* 24
* 24
+3 12
+1 12
+1 12
+14 1
+1 1
+1 1
+1 1
+2 4
+1 4
+1 4
+1 4
+2 5
+1 5
+1 5
+1 5
+2 5
+1 5
+1 5
+1 5
+2 5
+1 5
+1 5
+1 5
+2 5
+3 5
+1 10
256 1
+1 1
+1 1
+1 1
+2 5
+1 5
+1 5
+1 5
+2 4
+1 4
+1 4
+1 4
+1 4
+1 4
+1 4
+1 4
+1 4
+1 4
+3 4
+1 8
+70 3
+1 3
+11 3
+1 3
+1 3
+3 6

fl=(34) /build/buildd/eglibc-2.19/elf/dl-deps.c
fn=(126) openaux
60 12
+7 2
-3 2
-1 2
+1 2
-1 22
cfi=(22)
cfn=(104)
calls=2 2317 
* 7865
* 4
+5 10

fn=(124) _dl_map_object_deps
147 8
+1 5
-1 1
+14 1
-13 3
+14 2
+6 1
-21 1
cfi=(3)
cfn=(4)
calls=1 -17 
* 2
* 1
+13 1
+1 1
+7 2
+10 1
-30 1
+20 1
+10 5
+1 3
-19 1
+2 2
+6 1
-7 1
+7 3
+10 2
-10 1
+10 4
-16 3
+20 3
+19 1
+2 1
+1 2
-3 1
343 1
189 1
-1 1
343 1
213 1
-4 1
+4 1
+4 4
-4 3
-4 3
+4 3
+4 12
+12 16
+2 4
+6 2
-6 4
+5 2
+1 2
+1 4
+1 4
+3 10
-32 2
+32 4
+50 6
+1 4
-51 192
+1 96
+6 10
cfi=(27)
cfn=(76)
calls=2 45 
* 202
* 4
+2 2
+3 16
cfi=(29) /build/buildd/eglibc-2.19/elf/dl-error.c
cfn=(96) _dl_catch_error
calls=2 -91 
* 8047
+2 2
-2 2
+2 4
+15 2
+2 4
+11 2
-6 4
+10 2
-10 2
+3 2
+1 2
+1 2
+5 2
-4 2
+2 2
+2 6
-2 6
-57 12
-19 2
471 12
+2 6
+3 2
-1 4
cfi=(17)
cfn=(40)
calls=2 93 
* 98
* 2
+2 2
-2 2
+2 2
+3 2
+1 2
-1 2
+1 14
cfi=(18)
cfn=(46)
calls=2 40 
* 55
+1 12
cfi=(18)
cfn=(46)
calls=2 40 
* 55
+3 2
+1 2
-1 2
+5 24
+3 9
-1 4
+1 8
202 17
+15 12
+1 19
+2 2
+2 6
+2 30
497 6
+1 2
+3 5
+11 2
-1 2
cfi=(17)
cfn=(40)
calls=1 93 
* 49
* 1
+3 1
-3 1
+3 1
+5 1
+3 1
-3 1
+3 1
-3 3
+1 1
+4 16
+4 16
-6 4
+10 4
-10 8
+13 3
+51 6
+2 4
+42 9
+1 4
cfi=(33)
cfn=(118)
calls=1 48 
* 21
* 4
-2 7
+6 2
+1 5
+6 1
-6 2
+6 2
-13 6
+6 4
+1 10
+6 2
-6 4
+6 10
+2 4
+1 4
-1 2
+1 4
+3 6
-1 9
+23 6
-28 6
+31 12
+3 20
cfi=(33)
cfn=(118)
calls=2 48 
* 39
* 8
-18 1
+25 3
+2 1
+1 1
+1 1
-2 1
+2 2
+7 3
+3 3
+3 6
295 138
623 9
cfi=(18)
cfn=(46)
calls=1 40 
* 30
+2 1
-38 1
+38 2

fl=(17)
fn=(88)
119 3
cfi=(3)
cfn=(4)
calls=1 +11 
* 2
* 3
+2 2
+7 4

fn=(80)
335 28
cfi=(3)
cfn=(4)
calls=4 130 
* 8
* 4
+3 16
+2 8
+1 4
-1 4
+1 4
+4 187
+7 472
-2 236
+10 59
-15 179
+18 4
+4 28

fn=(40)
93 63
cfi=(3)
cfn=(4)
calls=21 +37 
* 42
* 21
+1 84
cfn=(44)
calls=21 -43 
* 819
* 21
+1 63

fn=(36)
102 56
cfi=(3)
cfn=(4)
calls=8 +28 
* 16
* 8
+7 8
-3 8
+3 8
-3 8
+3 16
+4 16
cfn=(40)
calls=8 -20 
* 437
* 8
+1 40

fn=(44)
51 88
cfi=(3)
cfn=(4)
calls=22 +79 
* 44
* 88
+1 87
+11 21
+1 21
-1 21
+3 42
-3 21
+3 21
-3 1
+1 1
-1 1
+3 2
-3 1
+3 81
+4 8
+1 6
+6 14
cfi=(26)
cfn=(74)
calls=2 -48 
* 46
+2 10
+4 6
+3 2
+1 2
+2 12
-3 20
+1 20
+2 160
-31 3
+1 1
-2 3

fl=(25)
fn=(72)
40 49
+1 49
+2 49
+1 49
+2 49
+1 49
+1 49
+1 49
+1 14
+1 14
+1 14
-1 35
+1 35
+1 32
+1 147
+2 49
+2 49
+3 49

fl=(39) /build/buildd/eglibc-2.19/elf/dl-version.c
fn=(146) _dl_check_all_versions
380 7
cfi=(3)
cfn=(4)
calls=1 130 
* 2
* 1
+4 1
-4 1
+4 2
-2 2
+4 28
cfn=(148) _dl_check_map_versions
calls=4 174 
* 2958
-2 4
+2 12
-1 4
-1 8
+5 7

fn=(148)
174 32
+15 8
-15 4
cfi=(3)
cfn=(4)
calls=4 -44 
* 8
* 8
+15 8
+2 8
+2 16
+1 8
+2 4
-2 4
+2 4
+3 4
+4 2
-4 2
+4 6
+34 2
-34 4
+34 4
-17 4
56 2
220 2
56 10
+1 5
-1 10
+2 21
cfi=(31)
cfn=(106)
calls=7 288 
* 541
* 16
228 6
+5 8
+19 2
-15 72
cfn=(150) match_symbol
calls=1 76 
* 129
* 24
cfn=(150)
calls=3 76 
* 471
* 8
+7 4
-7 4
+7 16
+3 12
+9 8
-73 2
-8 2
+95 12
+3 8
+3 12
+3 8
+4 2
-7 8
+3 6
+4 35
-7 140
+3 107
+8 2
+86 2
-86 6
+86 2
-86 4
+87 6
-81 21
cfi=(17)
cfn=(36)
calls=3 102 
* 219
* 3
* 3
-1 3
+2 3
-2 3
+2 3
+8 3
+3 12
+2 9
+3 10
+4 8
+18 2
-15 2
+2 8
-2 2
+2 8
+2 8
+1 4
-1 4
+1 8
+1 4
-2 4
+3 4
-1 8
+1 12
+3 14
+8 6
+6 2
+4 9
+3 12
+20 37
-14 37
-2 37
+2 39
-2 2
+2 2
+4 37
+1 185
+1 37
+1 37
-1 74
+4 117
+9 3
+1 18

fn=(150)
76 28
cfi=(3)
cfn=(4)
calls=4 +54 
* 8
* 12
+1 8
+8 4
-8 4
+8 4
+6 16
+15 4
+1 8
+2 8
+5 8
+14 30
+12 33
+4 11
-30 22
+19 32
cfi=(19)
cfn=(54)
calls=4 30 
* 324
* 12
+35 24

fl=(3)
fn=(4)
130 1044

fl=(29)
fn=(142) _dl_receive_error
205 7
cfi=(3)
cfn=(4)
calls=1 -75 
* 2
* 3
+1 1
cfi=(2)
cfn=(98) _dl_initial_error_catch_tsd
calls=1 795 
* 6
+11 1
-7 1
-4 1
+5 1
+3 1
+1 1
-5 1
+1 1
+6 2
cfi=(2)
cfn=(144) version_check_doit
calls=1 657 
* 3055
+2 1
+1 1
-1 1
+1 1
+1 6

fn=(96)
163 9
cfi=(3)
cfn=(4)
calls=3 -33 
* 6
* 6
+12 6
+3 3
-2 6
+1 6
+1 3
+2 3
cfi=(2)
cfn=(98)
calls=3 795 
* 18
+1 3
-1 6
+2 6
+3 9
-4 3
+4 3
cfi=(30)
cfn=(100)
calls=3 30 
* 33
* 9
+2 9
cfi=(34)
cfn=(126)
calls=2 60 
* 7921
cfi=(2)
cfn=(102) map_doit
calls=1 625 
* 2908
+1 6
+3 3
-3 3
+1 6
+1 6
+1 3
+8 15

fl=(35)
fn=(130)
33 16
+2 16
-2 16
cfi=(3)
cfn=(4)
calls=16 +97 
* 32
* 16
+2 112
+6 2
-6 45
+6 30

fl=(60)
fn=(262)
28 8
+2 8
+2 8
+2 8
+1 8
+1 8
cfi=(61) /build/buildd/eglibc-2.19/elf/dl-runtime.c
cfn=(264) _dl_fixup
calls=8 +30 
* 6788
+1 8
+2 8
+1 8
+1 8
+1 8

fl=(33)
fn=(118)
48 9
+1 9
+2 9
+1 9
+4 9
+2 9
+1 9
+2 9
+1 9
+1 2
+1 2
+1 2
+1 2
+1 2
+1 2
+1 2
+5 7
+1 7
+1 7
+2 7
+2 112
+2 7
+1 7
+5 9
+2 9
+7 9

fl=(7)
fn=(174) check_match.9376
131 644
+1 92
+2 92
-3 92
cfi=(3)
cfn=(4)
calls=92 -1 
* 184
* 92
+1 92
+2 184
+2 276
-2 184
+12 276
+3 310
cfi=(19)
cfn=(54)
calls=21 30 
* 1722
* 42
+5 92
-1 92
+1 92
-1 92
+1 92
+2 178
+19 178
+1 623
+3 90
+43 552
-18 6
+2 6
+1 3
-1 3
+1 3
-1 3
+1 6
-1 6
+4 4
+1 10
-34 534
cfi=(19)
cfn=(54)
calls=89 30 
* 6726
* 267
+36 4

fn=(172) do_lookup_x
82 588
-5 196
+5 294
cfi=(3)
cfn=(4)
calls=98 +48 
* 196
* 196
-5 686
+11 98
+1 98
-1 98
229 294
114 392
-16 98
-3 98
+1 98
+2 196
+3 98
-3 98
+3 98
-3 209
-3 209
+1 209
+2 418
+3 209
-3 209
+3 209
+4 614
+4 614
+4 614
+6 1228
+4 307
225 307
123 307
226 307
123 307
+1 921
226 307
+4 614
+3 614
-5 307
+5 921
+4 614
-1 614
+1 307
-1 614
+21 217
+24 434
461 1851
+1 60
cfi=(31)
cfn=(106)
calls=30 288 
* 1602
* 90
+3 645
+4 6
-1 6
+1 30
281 2
+2 4
+3 784
+17 276
+1 276
+1 92
469 552
290 33
-50 297
-1 198
+2 198
+2 99
+6 99
-6 99
+6 297
+4 336
-7 1010
+2 368
+1 92
-1 184
+1 276
cfn=(174)
calls=92 131 
* 13944
+1 188
+22 198

fn=(12)
859 12
-3 20
+7 4
-7 4
cfi=(3)
cfn=(4)
calls=4 130 
* 8
* 4
+11 8
+2 4
-1 4
+3 12
+1 4
+1 8
+7 4
-5 4
-2 4
+3 4
+2 4
+1 4
+1 8
+14 24

fn=(170)
714 294
475 98
714 490
476 196
714 98
cfi=(3)
cfn=(4)
calls=98 130 
* 196
* 196
476 294
+1 98
-1 98
+1 294
-1 294
+1 1186
-1 1186
+1 3558
-1 3558
724 98
-4 98
-4 98
+8 98
-7 196
+7 276
+5 98
+2 98
-2 98
+2 98
-2 98
+6 98
-7 98
+7 98
-7 980
+15 6
-8 24
+2 2058
cfn=(172)
calls=98 82 
* 40873
+3 196
+26 392
+22 184
+1 644
+26 92
+9 460
+14 276
+3 368
+5 184
+2 588
-80 48
+16 12
+1 12
+54 2

fl=(28)
fn=(90)
47 12
cfi=(3)
cfn=(4)
calls=4 +83 
* 8
* 4
+3 8
+5 6
+5 1
-1 1
+1 2
+1 2
+4 8
-14 4
+4 8
+4 1
-1 1
-58 1

fn=(92) _dl_debug_state
74 2

fl=(1) ???
fn=(204) 0x000010c0
0 2

fn=(332) _dl_sysinfo_int80
0 194

fn=(0) 0x000010d0
0 2
cfi=(2)
cfn=(2) _dl_start
calls=1 362 
0 103941
0 2
cfn=(204)
calls=1 0 
0 2
0 17
cfi=(49)
cfn=(208)
calls=1 86 
0 3948
0 3
cob=(5)
cfi=(59)
cfn=(254) 0x080483e0
calls=1 0 
0 27280083

fl=(2)
fn=(52)
843 4
+1 8

fn=(102)
625 1
+2 1
-2 4
+2 7
cfi=(22)
cfn=(104)
calls=1 2317 
* 2890
* 2
+2 3

fn=(2)
362 7
cfi=(3)
cfn=(4)
calls=1 130 
* 2
* 2
+18 2
fi=(4)
44 1
+7 1
fe=(2)
380 1
fi=(6)
59 3
fi=(4)
-15 1
fe=(2)
409 1
-3 1
fi=(4)
44 1
+8 16
+10 4
-18 12
+8 13
+10 13
-18 39
+18 1
-18 3
+2 36
+5 20
+2 4
+16 2
+20 4
+1 4
+1 4
+1 4
+5 4
+2 4
+1 4
+1 4
+6 3
+3 2
+13 3
+1 3
+4 3
+2 3
+3 3
+1 3
fe=(2)
537 2
285 1
544 1
285 77
+12 2
cfi=(7)
cfn=(12)
calls=1 859 
* 37
+1 2
+1 2
+1 2
+1 2
+21 2
+10 3
-10 1
+4 1
+6 2
cfi=(8) /build/buildd/eglibc-2.19/elf/../elf/dl-sysdep.c
cfn=(14) _dl_sysdep_start
calls=1 86 
* 103139
* 1
+9 1
+3 2
+4 1
-4 2
+4 1
569 7
fi=(4)
56 4
fe=(2)
542 39
fi=(5)
84 1
+27 1
-28 2
+28 2
+1 2
fi=(6)
639 2
fi=(5)
112 20
fi=(6)
639 20
fi=(5)
111 11
fi=(6)
640 11
fi=(5)
111 22
+5 3
+8 3
fi=(6)
409 2
fi=(5)
124 4
+15 2
fi=(6)
338 1
fi=(5)
139 1
-2 2
fi=(6)
308 1
fi=(5)
137 3
fi=(6)
338 2
+3 4
fi=(5)
139 16
fi=(6)
338 8
fi=(5)
139 8
-2 16
fi=(6)
308 8
fi=(5)
137 24
fi=(6)
338 16
+3 32
+6 54
fi=(4)
59 4
+2 3
fi=(5)
+63 28
fi=(6)
357 27
fe=(2)

fn=(144)
657 1
+2 1
-2 2
cfi=(3)
cfn=(4)
calls=1 130 
* 2
* 3
+2 3
cfi=(39)
cfn=(146)
calls=1 380 
* 3037
* 2
+4 4

fn=(152) init_tls
717 1
+7 1
-7 3
cfi=(3)
cfn=(4)
calls=1 130 
* 2
* 2
+2 1
+4 1
-4 1
+4 1
+10 4
cfi=(17)
cfn=(36)
calls=1 102 
* 112
* 1
-4 1
+15 1
-12 1
+6 1
-9 1
+11 1
+4 1
+2 1
-1 1
+1 10
+2 8
+4 1
+2 1
-7 8
+9 2
+3 1
cfi=(38)
cfn=(154)
calls=1 112 
* 86
+7 1
cfi=(38)
cfn=(156)
calls=1 328 
* 482
+1 1
-1 1
+1 1
+6 1
+8 1
-8 1
+8 17
+4 1
+2 2
+1 5

fn=(94) do_preload
804 7
cfi=(3)
cfn=(4)
calls=1 130 
* 2
* 2
+6 1
+6 3
-5 1
+5 1
-10 1
+6 1
+2 1
+2 2
-2 1
+2 2
cfi=(29)
cfn=(96)
calls=1 163 
* 2971
* 2
+1 3
+8 4
+6 6

fn=(98)
795 4
cfi=(22)
cfn=(70)
calls=4 1512 
* 8
* 4
+3 8

fn=(160) security_init
851 3
cfi=(3)
cfn=(4)
calls=1 130 
* 2
* 2
+2 1
fi=(40) /build/buildd/eglibc-2.19/elf/../sysdeps/unix/sysv/linux/dl-osinfo.h
61 2
+23 2
+2 1
+7 1
fe=(2)
855 1
+6 2
+2 1
fi=(40)
101 2
+11 1
fe=(2)
866 1
+2 1
+6 1
+1 4

fn=(26) dl_main
891 6
cfi=(3)
cfn=(4)
calls=1 130 
* 2
* 2
2488 1
-1 1
910 2
+3 2
+4 2
+1 2
+5 2
2485 1
+7 1
-7 1
+7 7
2650 2
2494 2
cfi=(13)
cfn=(28)
calls=1 30 
* 80
* 4
cfi=(13)
cfn=(28)
calls=2 30 
* 367
* 9
+4 50
+1 19
-1 57
+3 4
+6 12
2660 3
+33 3
933 4
1132 7
cfi=(15)
cfn=(32)
calls=1 61 
* 284
* 1
+2 1
-2 1
+2 1
+1 1
+6 1
-6 1
+2 1
-2 1
+1 1
+1 1
-1 1
+1 1
+4 2
cfi=(15)
cfn=(48)
calls=1 32 
* 47
+1 2
900 1
1163 1
+8 1
-3 1
+3 3
-8 1
+1 1
+2 1
+5 2
+56 1
-34 2
+21 1
897 1
1214 1
+13 4
-55 24
-1 27
+1 47
-1 3
1274 4
+3 2
+2 2
+2 3
+13 3
+1 9
cfi=(19)
cfn=(54)
calls=1 30 
* 9
* 3
+7 1
+3 1
-5 1
+3 1
+2 2
+1 2
+4 2
+2 3
fi=(4)
29 2
+9 2
+4 1
+2 1
+7 1
-7 2
+8 12
+10 3
-18 9
+8 19
+10 19
-18 57
+18 1
-18 3
+2 46
+5 16
+2 4
+16 4
+38 4
+7 3
+5 4
+4 4
+1 3
+12 4
+14 4
+18 4
fe=(2)
1317 2
cfi=(7)
cfn=(12)
calls=1 859 
* 37
+3 2
fi=(20) /build/buildd/eglibc-2.19/elf/setup-vdso.h
24 3
fe=(2)
1342 6
1176 3
+1 1
+90 2
+1 2
+1 1
-6 2
+1 1
-37 8
-1 6
+2 4
+1 1
+3 2
+1 2
-1 2
+1 2
+1 2
+1 6
+1 2
-43 1
-2 2
+27 1
-25 1
+7 1
-10 1
+10 2
-19 3
+1 1
fi=(4)
56 4
+3 4
+2 3
fe=(2)
2583 5
cfi=(14)
cfn=(30)
calls=1 46 
* 35
* 2
+2 3
-55 5
cfi=(14)
cfn=(30)
calls=1 46 
* 30
* 2
+7 5
cfi=(14)
cfn=(30)
calls=1 46 
* 36
* 2
+2 3
fi=(4)
114 2
fe=(2)
1347 2
cfi=(22)
cfn=(64)
calls=1 714 
* 4582
+3 3
cfi=(28)
cfn=(90)
calls=1 47 
* 22
* 1
+2 1
+5 3
+3 3
+1 1
+1 1
+2 1
-3 3
+1 2
+3 2
+5 1
-7 1
+7 1
+1 6
+4 1
+2 1
+2 1
-2 1
+8 2
-7 1
+7 1
-6 1
+5 2
+1 6
+2 2
+1 2
+5 3
+5 3
906 1
1579 4
+3 2
+4 3
+5 2
+1 1
cfi=(28)
cfn=(92)
calls=1 74 
* 1
+5 3
+15 4
+4 3
+31 5
cfi=(24)
cfn=(68)
calls=1 81 
* 16
* 2
+77 4
+17 1
+1 2
-1 2
+1 9
cfi=(34)
cfn=(124)
calls=1 147 
* 9757
* 1
+1 1
+5 1
-3 4
+3 5
+1 3
-1 2
+1 9
-1 6
+4 3
+1 3
+1 1
+2 2
+1 5
-1 2
+1 6
-1 6
-28 4
+1 1
-1 3
+4 2
+1 1
+1 2
+1 2
1521 1
1770 1
-1 1
+1 1
-1 1
+1 1
+2 1
+2 3
+2 1
-4 1
+5 1
-1 2
+14 2
+1 2
+1 3
+11 5
+1 1
+1 1
-1 1
+1 5
cfi=(29)
cfn=(142)
calls=1 205 
* 3094
+11 1
-1 1
+1 1
-1 1
+1 1
+1 1
cfn=(152)
calls=1 717 
* 770
* 1
+2 3
+3 1
cfn=(160)
calls=1 851 
* 28
+2 3
2054 4
+56 2
+4 1
-4 1
+11 1
-11 1
+4 3
+4 2
+3 1
+8 3
+46 5
+7 1
+2 2
+1 1
-1 1
+1 2
+1 5
+2 12
+5 8
+2 8
+6 4
+2 8
+1 33
cfi=(41)
cfn=(164)
calls=3 154 
* 70751
+4 22
-22 16
+25 1
+2 3
+6 1
-6 1
+6 2
+5 5
+1 1
+5 2
cfi=(38)
cfn=(194)
calls=1 376 
* 144
+4 2
+14 3
+2 3
+29 1
cfi=(8)
cfn=(196) _dl_sysdep_start_cleanup
calls=1 256 
* 1
+4 3
+20 3
cfi=(28)
cfn=(90)
calls=1 47 
* 15
+1 1
+1 1
cfi=(28)
cfn=(92)
calls=1 74 
* 1
+5 1
cfi=(36)
cfn=(198)
calls=1 308 
* 27
+5 6
2209 2
cfi=(38)
cfn=(192)
calls=1 831 
* 29
* 1
-12 1
+1 1
-3 2
+55 2
+15 3
+2 1
+1 8
cfi=(41)
cfn=(164)
calls=1 154 
* 6884
+1 1
+2 5
2062 1
899 2
1767 2
1623 2
cfi=(11)
cfn=(22)
calls=1 43 
* 123
* 10
cfi=(18)
cfn=(46)
calls=1 40 
* 32
* 1
+3 5
-12 1
+19 2
-4 4
cfi=(17)
cfn=(80)
calls=1 335 
* 889
* 4
cfi=(17)
cfn=(80)
calls=1 335 
* 26
* 6
+1 2
+1 3
+2 4
cfn=(94)
calls=1 804 
* 3011
* 2
1336 4
+6 1
cfi=(9)
cfn=(60)
calls=1 45 
* 99
* 2
1635 1
+1 2
+1 3

fn=(50)
837 4
+1 8

fl=(11)
fn=(22)
43 15
+1 15
+2 15
+2 15
+1 6
+2 4
+1 4
+2 3
+1 3
+2 3
+2 3
+1 3
+2 3
+2 5
+1 5
+2 5
+1 5
+26 5
+1 5
+2 5
+1 5
+2 5
+1 5
-7 19
+1 19
+2 19
+1 19
+2 19
+1 19
+2 23
+2 23
+2 23
+3 23
+1 23
+2 23
+1 23
+2 23
+1 23
+2 21
+2 21
+2 21
+3 19
+1 19
+2 19
+1 19
+2 19
+1 19
+2 19
+2 19
+2 19
+3 19
+1 19
+2 19
+1 19
+2 19
+1 19
+2 13
+2 13
+2 13
+3 14
+1 14
+2 14
+1 14
+2 10
+1 10
+2 10
+2 5
+1 5
+2 5
+1 5
+4 15
+3 15

fl=(8)
fn=(196)
256 1

fn=(14)
86 7
cfi=(3)
cfn=(4)
calls=1 +44 
* 2
* 1
+25 1
-1 1
+1 282
+6 1
-3 1
-3 1
+3 1
+3 1
-2 1
+2 5
-10 1
-20 20
+1 2
+30 108
-1 84
+95 18
fi=(9)
35 2
cfi=(10)
cfn=(18)
calls=1 -2 
* 17
fi=(6)
264 5
fe=(8)
-30 2
cfi=(12)
cfn=(24)
calls=1 34 
* 23
* 3
+12 3
+3 7
cfi=(2)
cfn=(26)
calls=1 891 
* 102470
+1 1
+1 6
-72 2
+1 1
-29 2
+1 1
+11 2
+1 1
-7 4
+1 1
-4 1
+1 1
-25 2
+1 1
-4 2
+1 1
-7 1
+1 1
+2 1
+1 1
232 2
cfi=(11)
cfn=(22)
calls=1 43 
* 32
* 2

fl=(19)
fn=(54)
30 213
+1 213
+2 213
+1 213
+1 213
-2 1127
+1 1127
+1 1127
+1 1245
+1 1245
+1 1245
+1 1245
+2 118
+3 118
+2 95
+1 95
+1 95
+2 95

fl=(61)
fn=(264)
66 56
+3 8
-3 8
cfi=(3)
cfn=(4)
calls=8 +64 
* 16
* 8
+3 16
+3 16
+1 80
+1 24
+5 8
-5 8
+5 8
+4 24
+4 24
+4 21
+1 21
+2 28
+7 24
-1 8
+11 112
cfi=(7)
cfn=(170)
calls=8 714 
* 6044
* 16
+4 24
+10 56
+16 32
+4 24
fi=(6)
274 16
fe=(61)
149 56
-64 2

ob=(2)
fl=(16)
fn=(466)
0 3
cob=(4)
cfi=(50)
cfn=(214)
calls=1 0 
0 2
0 4

fn=(278) 0x08048334
0 3
cob=(5)
cfi=(59)
cfn=(276) __x86.get_pc_thunk.bx
calls=1 0 
0 2
0 7

fn=(434)
0 3
cob=(5)
cfi=(59)
cfn=(276)
calls=1 0 
0 2
0 4

fn=(212)
0 3
cob=(4)
cfi=(50)
cfn=(214)
calls=1 0 
0 2
0 7

ob=(3)
fl=(100)
fn=(452)
31 5
cfi=(43) /build/buildd/eglibc-2.19/string/../sysdeps/i386/i686/multiarch/strcat.S
cfn=(178) 0x0012694b
calls=1 +24 
* 2
* 3
+4 4
+4 10
-4 5
+32 4
+4 8
-4 3
+12 2
+1 1
+2 5
-2 1
cfi=(101) /build/buildd/eglibc-2.19/nptl/../nptl/sysdeps/unix/sysv/linux/unregister-atfork.c
cfn=(454) __unregister_atfork
calls=1 -52 
* 20

fl=(42)
fn=(176)
28 2
cfi=(43)
cfn=(178)
calls=1 +27 
* 2
* 1
+4 1
+1 1
+1 1
cfi=(44) /build/buildd/eglibc-2.19/csu/../sysdeps/x86_64/multiarch/init-arch.c
cfn=(180) __init_cpu_features
calls=1 +11 
* 91
+1 1
+1 1
+1 1
+1 1
+1 1
+3 1

fl=(92) /build/buildd/eglibc-2.19/stdlib/../sysdeps/i386/rshift.S
fn=(394) __mpn_rshift
31 2
+2 2
+2 2
+3 2
+2 2
+2 2
+1 2
+1 2
+1 2
+1 2
+2 2
+3 2
+1 2
+1 2
+1 2
+1 2
+2 2
+1 2
+8 2
+1 2
+1 2
+1 2
+1 2
+2 2
+1 2
+2 2
+3 2
+3 2
+3 2
+4 2

fl=(76) /build/buildd/eglibc-2.19/misc/../sysdeps/unix/sysv/linux/i386/mmap.S
fn=(334) mmap
29 1
+2 1
+2 1
+2 1
+3 1
+2 1
+1 1
+1 1
+2 1
+2 1
+2 1
+1 1
+1 1
+1 1
+2 1
+3 1
cob=(1)
cfi=(1)
cfn=(332)
calls=1 -56 
* 2
+3 1
+3 1
+3 1
+3 1
+5 1
+1 1
+3 1

fl=(45)
fn=(182)
27 2
cfi=(43)
cfn=(178)
calls=1 +28 
* 2
* 1
+4 1
+1 1
+2 1
+1 1
+1 1
+1 1
+1 1
+1 1
+4 1
+3 1

fl=(64) /build/buildd/eglibc-2.19/setjmp/../sysdeps/i386/bsd-_setjmp.S
fn=(292) _setjmp
33 1
+1 1
+3 1
+1 1
+1 1
+1 1
+2 2
+2 1
+1 1
+3 2
+2 1
+1 1
+2 1
+1 1

fl=(86) /build/buildd/eglibc-2.19/math/../sysdeps/ieee754/dbl-64/s_isnan.c
fn=(382) isnan
28 1
+2 4
+5 1
-3 2
-1 1
+1 1
+1 1
-1 2
+1 1
+1 1
+1 1

fl=(46)
fn=(184)
36 2
cfi=(43)
cfn=(178)
calls=1 +19 
* 2
* 1
+3 1
+1 1
+3 1
+1 1
+1 1
+1 1
+16 1
+1 1
+2 1

fl=(55)
fn=(240)
77 3
cfi=(43)
cfn=(178)
calls=1 -22 
* 2
* 1
+1 3
+13 3

fl=(97) /build/buildd/eglibc-2.19/stdlib/exit.c
fn=(406) exit
103 2
cfi=(43)
cfn=(178)
calls=1 -48 
* 2
* 2
+1 6
cfn=(408) __run_exit_handlers
calls=1 -69 
* 2993

fn=(408)
35 5
cfi=(43)
cfn=(178)
calls=1 +20 
* 2
* 6
+5 1
cfi=(98) /build/buildd/eglibc-2.19/stdlib/cxa_thread_atexit_impl.c
cfn=(410) __call_tls_dtors
calls=1 +42 
* 1148
* 1
+6 6
+4 3
-4 3
+4 3
+4 1
-1 1
-1 1
+2 4
+33 1
+1 1
-1 1
+1 1
+6 2
+1 5
cfi=(73) /build/buildd/eglibc-2.19/libio/genops.c
cfn=(470) _IO_cleanup
calls=1 1010 
* 305
* 3
+2 2
cfi=(102) /build/buildd/eglibc-2.19/posix/../sysdeps/unix/sysv/linux/i386/_exit.S
cfn=(480) _Exit
calls=1 -73 
* 3
-17 1
+2 2
-2 2
+2 2
cob=(1)
cfi=(99)
cfn=(420)
calls=1 +49 
* 1476
+1 1

fl=(67) /build/buildd/eglibc-2.19/stdlib/random_r.c
fn=(306) random_r
363 96341
cfi=(43)
cfn=(178)
calls=13763 55 
* 27526
* 13763
+3 68815
+5 13763
-2 13763
+2 27526
+9 13763
+2 13763
-1 13763
+6 13763
+1 13763
-6 13763
+3 41289
+2 13763
+2 13763
-2 13763
+2 13763
+7 13319
+1 26638
+3 13319
+3 13319
-2 13319
+7 79914
-8 444
+3 444
-2 444
+7 2664
-39 444
+23 888

fl=(82) /build/buildd/eglibc-2.19/io/../sysdeps/unix/syscall-template.S
fn=(368) __write_nocancel
81 558
cob=(1)
cfi=(1)
cfn=(332)
calls=93 -81 
* 186
* 372

fn=(366) write
81 186
cfn=(368)
calls=93 * 
* 1116

fl=(65) /build/buildd/eglibc-2.19/stdlib/rand.c
fn=(302) rand
26 27526
cfi=(43)
cfn=(178)
calls=13763 +29 
* 27526
* 27526
+1 13763
cfi=(66) /build/buildd/eglibc-2.19/stdlib/random.c
cfn=(304) random
calls=13763 293 
* 949647
+1 41289

fl=(47)
fn=(186)
28 2
cfi=(43)
cfn=(178)
calls=1 +27 
* 2
* 1
+4 1
+1 1
+2 1
+1 1
+1 1
+1 1
+1 1
+3 1

fl=(88) /build/buildd/eglibc-2.19/stdlib/../sysdeps/ieee754/dbl-64/dbl2mpn.c
fn=(386) __mpn_extract_double
33 4
+2 1
+2 1
-4 1
+2 1
+2 1
-4 1
+4 2
+1 2
+3 1
-3 3
+4 1
+14 1
-14 1
+14 1
-15 1
+1 2
+14 1
+47 2
+4 6

fl=(94) /build/buildd/eglibc-2.19/stdlib/../sysdeps/i386/mul_1.S
fn=(400) __mpn_mul_1
37 10
+2 10
+2 10
+2 10
+3 10
+2 10
+2 10
+1 10
+2 10
+1 10
+1 10
+1 20
+4 10
+1 10
+1 10
+1 10
+1 10
+1 10
+2 10
+1 10
+1 10
+2 10
+3 10
+3 10
+3 10
+4 10

fl=(91) /build/buildd/eglibc-2.19/stdlib/cmp.c
fn=(392) __mpn_cmp
38 2
+4 1
-4 2
+4 2
+2 1
+1 1
+1 2
+8 4
+1 3

fl=(43)
fn=(178)
55 198796

fl=(87) /build/buildd/eglibc-2.19/math/../sysdeps/ieee754/dbl-64/s_isinf.c
fn=(384) isinf
21 1
+2 4
+4 1
-3 4
+1 3
+1 4
+1 1

fl=(101)
fn=(454)
28 6
cfi=(43)
cfn=(178)
calls=1 +27 
* 2
* 3
+8 1
+3 2
+82 6

fl=(83) /build/buildd/eglibc-2.19/libio/ioputs.c
fn=(374) puts
34 12
cfi=(43)
cfn=(178)
calls=2 +21 
* 4
* 2
+2 6
cfi=(84) /build/buildd/eglibc-2.19/string/../sysdeps/i386/i686/multiarch/../../i586/strlen.S
cfn=(376) __GI_strlen
calls=2 +7 
* 181
+1 4
-1 2
+1 38
+2 6
+1 20
+1 12
cfi=(71) /build/buildd/eglibc-2.19/libio/fileops.c
cfn=(318) _IO_file_xsputn@@GLIBC_2.1
calls=2 1281 
* 4780
* 4
+1 8
+1 6
fi=(79) /build/buildd/eglibc-2.19/libio/libioP.h
904 4
+1 16
fe=(83)
47 14
-5 6
cfi=(73)
cfn=(350) __overflow
calls=2 239 
* 364
* 4

fl=(102)
fn=(480)
24 1
+4 1
+1 1

fl=(63) /build/buildd/eglibc-2.19/stdlib/cxa_atexit.c
fn=(272) __new_exitfn
73 1
+6 1
-6 1
+6 1
-6 4
cfi=(43)
cfn=(178)
calls=1 -18 
* 2
* 1
+6 4
+2 5
-7 3
+9 3
-2 2
+10 1
-10 2
+45 1
+1 2
+3 4
+3 7
-21 1
+1 2

fn=(270) __cxa_atexit
57 2
cfi=(43)
cfn=(178)
calls=1 -2 
* 2
* 2
-22 3
cfn=(272)
calls=1 +38 
* 48
+2 2
+4 3
+2 1
+1 2
+1 2
+2 1
+1 1
+11 3

fl=(70) /build/buildd/eglibc-2.19/string/../sysdeps/i386/strchrnul.S
fn=(316) strchrnul
34 12794
+4 12794
+1 12794
+6 12794
+1 12794
+1 12794
+1 12794
+13 12794
+1 12794
+1 6396
+1 6396
+1 6396
+1 4
+1 4
+1 3
+2 3
+1 3
+1 3
+1 3
+1 3
+1 3
+1 3
+45 8
+2 8
+1 8
+2 8
+1 8
+10 8
-14 6398
+1 6398
+2 6398
+1 6398
+10 6398
+4 6406
+3 6406
+1 6406
+4 6406
+6 12
+1 12
+1 12
+3 12
+1 9
+1 9
+1 9
+2 9
+2 9
+1 9
+2 9
+1 9
+3 9
+1 9
+1 9
+1 9
+2 9
+1 9
+1 9
+1 9
+3 9
+1 8
+1 8
+1 8
+2 8
+2 8
+1 8
+2 8
+1 8
+3 8
+1 8
+1 8
+1 8
+2 8
+1 8
+1 8
+1 8
+3 8
+1 8
+1 8
+1 8
+2 8
+2 8
+1 8
+2 8
+1 8
+3 8
+1 8
+1 8
+1 8
+2 8
+1 8
+1 8
+1 8
+3 8
+1 8
+1 8
+1 8
+2 8
+4 1
+6 1
+1 1
-1 6397
+1 6397
+1 6392
+1 6392
+1 1
+2 1
+1 1
+1 1
+1 1
+1 1
+2 1
+1 1
+1 1
+7 12794
+4 12794

fl=(75) /build/buildd/eglibc-2.19/io/../sysdeps/unix/sysv/linux/fxstat64.c
fn=(330) __fxstat64@@GLIBC_2.2
33 1
+2 1
-2 1
cfi=(43)
cfn=(178)
calls=1 +22 
* 2
* 1
+2 4
cob=(1)
cfi=(1)
cfn=(332)
calls=1 -35 
* 2
* 3
+6 2

fl=(58)
fn=(250)
41 2
cfi=(43)
cfn=(178)
calls=1 +14 
* 2
* 1
-8 4
+10 2

fl=(62) /build/buildd/eglibc-2.19/csu/libc-start.c
fn=(268) (below main)
133 5
cfi=(43)
cfn=(178)
calls=1 -78 
* 2
* 4
+4 4
+82 1
-82 1
+82 1
+1 4
cfi=(63)
cfn=(270)
calls=1 57 
* 72
+22 4
+3 2
+1 8
cob=(5)
cfi=(59)
cfn=(274) __libc_csu_init
calls=1 0 
* 59
+4 4
+15 2
+9 3
cfi=(64)
cfn=(292)
calls=1 33 
* 16
+1 2
+5 2
+1 2
+3 2
+3 8
cob=(5)
cfi=(59)
cfn=(294) main
calls=1 0 
* 27275839
+34 2
cfi=(97)
cfn=(406)
calls=1 103 
* 3005
137 2

fl=(51)
fn=(232)
52 5
cfi=(43)
cfn=(178)
calls=1 +3 
* 2
* 5
+6 3
+14 1
-2 1
+1 1
+1 1
+14 4
cfi=(52) /build/buildd/eglibc-2.19/misc/init-misc.c
cfn=(234) __init_misc
calls=1 -56 
* 98
+13 5
-5 1
cfi=(54) /build/buildd/eglibc-2.19/ctype/ctype-info.c
cfn=(238) __ctype_init
calls=1 -65 
* 25
-29 2
-7 1
+7 3

fl=(66)
fn=(304)
293 13763
+3 13763
-3 13763
+3 13763
-3 13763
cfi=(43)
cfn=(178)
calls=13763 55 
* 27526
* 13763
+3 55052
+2 68815
cfi=(67)
cfn=(306)
calls=13763 +65 
* 605572
+2 55052
+3 55052

fl=(69) /build/buildd/eglibc-2.19/stdio-common/vfprintf.c
fn=(314) vfprintf
235 6399
+35 6399
-35 31995
cfi=(43)
cfn=(178)
calls=6399 55 
* 12798
* 19197
+35 6399
1295 6399
270 19197
1295 44794
+4 38394
+4 12798
+1 38394
+6 12798
+11 12798
fi=(103) /build/buildd/eglibc-2.19/stdio-common/printf-parse.h
108 25596
cfi=(70)
cfn=(316)
calls=6399 -74 
* 90239
fe=(69)
1336 12798
fi=(103)
108 6399
fe=(69)
1332 6399
+4 51192
+1 89586
+3 63990
cfi=(71)
cfn=(318)
calls=6399 -59 
* 137868
* 12798
2098 31995
+3 6399
+1 38394
1295 12796
2102 6399
1303 25596
+41 19197
+4 63950
283 6395
-6 6395
-3 6395
1325 6395
-8 6395
240 12790
1396 51160
-4 6395
+1 6395
-18 6395
+1 6395
+1 6395
+1 6395
+1 6395
+1 6395
+1 6395
+1 6395
+1 6395
+1 6395
+1 6395
+3 6395
+1 12790
2098 31995
+1 19197
1396 38370
1680 12790
+8 25580
fi=(103)
108 19185
cfi=(70)
cfn=(316)
calls=6395 -74 
* 153472
fe=(69)
1692 12790
-4 6395
+4 57555
cfi=(71)
cfn=(318)
calls=6395 1281 
* 128071
* 6395
-10 6395
+10 31975
2091 12790
+2 19185
+2 19185
1660 326094
cfi=(71)
cfn=(318)
calls=6394 1281 
* 658886
* 70398
cfi=(85) /build/buildd/eglibc-2.19/stdio-common/printf_fp.c
cfn=(380) __printf_fp
calls=1 161 
* 3255
* 25586
+32 31975
+2 6395
-2 6395
+2 6395
-34 63940
cfi=(72) /build/buildd/eglibc-2.19/stdio-common/_itoa.c
cfn=(320) _itoa_word
calls=6394 165 
* 626468
* 230190

fl=(90) /build/buildd/eglibc-2.19/string/../sysdeps/i386/i686/multiarch/../memcpy.S
fn=(390) __GI_memcpy
40 2
+1 2
+1 2
+1 2
+2 2
+1 2
+1 2
+1 2
+1 2
+1 2
+2 2
+1 2
+2 2
+1 2
+11 2
+1 2
+1 2
+1 2
+1 8
+2 2
+1 2
+2 2
+2 2
+1 2
+1 2
+2 2

fl=(52)
fn=(234)
30 6
cfi=(43)
cfn=(178)
calls=1 +25 
* 2
* 1
+1 5
+2 3
cfi=(53) /build/buildd/eglibc-2.19/string/../sysdeps/i386/i686/multiarch/../../strrchr.S
cfn=(236) __GI_strrchr
calls=1 * 
* 68
+1 2
+3 3
+1 3
+2 5

fl=(53)
fn=(236)
33 1
+3 1
+3 1
+1 1
+2 1
+6 1
+1 1
+1 1
+1 1
+13 1
+1 1
+1 1
+1 1
+1 1
+2 1
+1 1
+1 1
+2 1
+1 1
+79 1
+1 1
+1 1
+1 1
+1 1
+8 1
+1 1
+1 1
+3 1
+2 1
+1 1
+1 1
+11 1
-13 1
+1 1
+1 1
+11 1
+4 2
+3 2
+1 2
+4 2
+6 1
+2 1
+1 1
+3 1
+1 1
+1 1
+1 1
+2 1
+85 1
+1 1
+2 1
+1 1
+2 1
+1 1
+2 1
+1 1
+2 1
+1 1
+1 1
+2 1
+1 1
+6 1
+3 1
+4 1

fl=(73)
fn=(350)
239 32445
cfi=(43)
cfn=(178)
calls=6489 55 
* 12978
* 6489
+2 19467
+2 38934
cfi=(71)
cfn=(322) _IO_file_overflow@@GLIBC_2.1
calls=6489 824 
* 289293
+1 25956

fn=(324) _IO_doallocbuf
414 3
+1 3
+6 3
-4 2
+1 4
cfi=(74) /build/buildd/eglibc-2.19/libio/filedoalloc.c
cfn=(326) _IO_file_doallocate
calls=1 96 
* 141
* 2

fn=(336) _IO_setb
399 10
cfi=(43)
cfn=(178)
calls=2 55 
* 4
* 2
+1 10
+2 4
+1 4
+1 6
+3 2
+1 4
-3 2
+3 4

fn=(340) _IO_default_xsputn
447 7
+4 7
-4 28
+3 7
-3 7
cfi=(43)
cfn=(178)
calls=7 55 
* 14
* 21
+3 28
+5 804
+25 1954
cfi=(71)
cfn=(322)
calls=194 824 
* 8342
* 582
+2 194
-2 194
+3 194
+1 14
+1 42

fn=(472) _IO_flush_all_lockp
822 7
cfi=(43)
cfn=(178)
calls=1 55 
* 2
* 1
+6 3
+6 1
-1 1
-10 1
+12 2
+4 3
-1 1
-1 1
+1 3
-1 2
+1 2
+3 9
+10 6
+4 3
-2 3
+2 6
-20 6
+31 2
+2 3
+4 7
-10 6
-21 9

fn=(476) _IO_default_setbuf
557 5
+1 4
cfi=(71)
cfn=(478) _IO_file_sync@@GLIBC_2.1
calls=1 886 
* 22
* 2
+2 2
+2 1
+1 7
cfn=(336)
calls=1 399 
* 27
+7 1
+2 1
-2 2
+1 3
+2 4

fn=(470)
1010 5
cfi=(43)
cfn=(178)
calls=1 55 
* 2
* 2
+3 1
-51 1
+51 1
cfn=(472)
calls=1 822 
* 90
-63 2
+63 1
-63 2
+2 9
+2 2
-1 4
+3 4
+6 16
+8 5
+10 6
cfi=(71)
cfn=(474) _IO_file_setbuf@@GLIBC_2.1
calls=1 461 
* 109
+3 2
+7 3
-40 9
+75 7
-53 1
+5 1
-5 1
+2 1
+1 1
-1 1
+2 1
+1 1
-1 1
+1 2
+6 3
+1 8

fl=(68) /build/buildd/eglibc-2.19/stdio-common/printf.c
fn=(312) printf
28 19197
cfi=(43)
cfn=(178)
calls=6399 +27 
* 12798
* 6399
+4 6399
+1 44793
cfi=(69)
cfn=(314)
calls=6399 235 
* 3825897
+4 19197

fl=(44)
fn=(180)
45 1
+9 1
-9 4
cfi=(43)
cfn=(178)
calls=1 +10 
* 2
* 2
+9 3
+3 1
-3 1
+3 5
+95 2
+1 9
+7 3
+24 2
+6 1
-1 1
+1 1
+2 1
+1 6
-9 4
+1 4
+1 2
31 5
+7 1
-1 1
+1 1
-7 1
+7 1
-1 1
+1 1
+27 1
-28 1
+28 1
-34 1
+8 1
+26 1
-26 1
+27 1
-35 2
+8 1
+27 1
+5 1
-12 1
+12 1
+3 5
+27 1
-42 1
+42 1

fl=(81) /build/buildd/eglibc-2.19/rt/../sysdeps/unix/clock_gettime.c
fn=(360) clock_gettime
93 6
cfi=(43)
cfn=(178)
calls=2 -38 
* 4
* 4
+22 6
cob=(1)
cfi=(1)
cfn=(332)
calls=2 0 
* 4
* 6
+19 4

fl=(93) /build/buildd/eglibc-2.19/stdlib/divrem.c
fn=(398) __mpn_divrem
56 60
cfi=(43)
cfn=(178)
calls=10 -1 
* 20
* 20
+3 20
+13 10
-15 10
+15 10
+1 40
+2 20
+6 10
+1 10
-1 30
+1 10
-1 10
+1 19
+1 9
-1 18
+1 18
-1 18
+2 20
+2 10
-2 10
+2 20
+3 10
+2 10
244 60

fl=(56)
fn=(242)
550 5
cfi=(43)
cfn=(178)
calls=1 55 
* 2
* 2
+13 3
+7 2
+2 2
+3 1
-3 1
cfn=(244) handle_intel
calls=1 305 
* 1176
+4 1
-4 1
+4 2
cfn=(244)
calls=1 305 
* 1193
+2 1
-2 1
+2 1
+11 2
+18 4
+7 1
-7 1
+7 3
+9 15
-9 12
+6 4
-6 5
+6 2
+49 4
+75 2
+2 3
+3 2
+1 2
-3 1
+3 1
+1 1
+3 2
+2 1
+1 1
-1 1
+3 1
-3 1
+4 2
+1 1
-1 1
+3 6
-93 5
-45 2
+6 6
+26 3
-75 2
-1 1
+1 1
cfn=(244)
calls=1 305 
* 930
* 2

fn=(244)
305 12
+1 3
-1 3
+1 3
+16 3
-3 6
+1 6
-3 3
+11 6
+12 18
cfn=(246) intel_check_word
calls=3 161 
* 1203
+1 6
+3 15
cfn=(246)
calls=3 161 
* 933
+1 6
+3 15
cfn=(246)
calls=3 161 
* 96
+1 6
+3 15
cfn=(246)
calls=3 161 
* 870
+1 6
-31 4
+6 12
+5 3
-5 9
+5 3
+2 3
+1 3
-1 6
+22 1
+4 1
-4 3
+1 2
+4 15

fn=(246)
161 72
cfi=(43)
cfn=(178)
calls=12 55 
* 24
* 12
+1 12
-1 24
+1 12
+6 96
+2 12
-2 12
+2 51
+2 9
+2 18
-2 21
+2 42
+8 60
+53 66
+21 2
fi=(57) /build/buildd/eglibc-2.19/string/../bits/stdlib-bsearch.h
27 30
+1 120
+3 246
-2 126
+2 126
-2 126
+2 228
fe=(56)
150 114
fi=(57)
32 114
fe=(56)
150 228
fi=(57)
31 82
fe=(56)
150 82
fi=(57)
32 82
fe=(56)
150 164
+3 189
fi=(57)
37 63
-8 63
+8 63
-8 63
fe=(56)
295 26
170 78
-6 10
300 60
-25 28
+14 10
+1 2
+5 2
-5 2
170 8
277 4
+2 4
+2 2
+19 12

fl=(78) /build/buildd/eglibc-2.19/libio/putchar.c
fn=(348) putchar
26 32385
cfi=(43)
cfn=(178)
calls=6477 +29 
* 12954
* 19431
+2 123063
+1 19431
fi=(79)
904 12954
+1 51816
fe=(78)
32 45339
-3 25908
cfi=(73)
cfn=(350)
calls=6477 239 
* 424558
* 12954

fl=(80) /build/buildd/eglibc-2.19/time/../sysdeps/unix/sysv/linux/clock.c
fn=(358) clock
29 4
+6 8
cfi=(81)
cfn=(360)
calls=2 +58 
* 34
* 4
+4 4
-1 2
+1 10
-1 2
+2 6

fl=(89) /build/buildd/eglibc-2.19/stdlib/../sysdeps/i386/lshift.S
fn=(388) __mpn_lshift
31 1
+2 1
+2 1
+3 1
+2 1
+2 1
+1 1
+1 1
+2 1
+3 1
+1 1
+1 1
+1 1
+1 1
+2 1
+1 1
+8 1
+1 1
+1 1
+1 1
+1 1
+2 1
+1 1
+2 1
+3 1
+3 1
+3 1
+4 1

fl=(77) /build/buildd/eglibc-2.19/string/../sysdeps/i386/i686/multiarch/../mempcpy.S
fn=(342) __GI_mempcpy
40 6403
+1 6403
+2 6403
+1 6403
+2 6403
+1 6403
+1 6403
+1 6403
+1 10
+1 10
+1 10
-1 6393
+1 6393
+1 6393
+1 12794
+2 6403
+2 6403
+3 6403

fl=(71)
fn=(322)
824 46830
cfi=(43)
cfn=(178)
calls=6690 55 
* 13380
* 13380
+1 20070
+7 40136
+35 13380
+3 13366
+3 26732
+1 20049
+1 26732
+4 13366
+1 40140
-45 3
+12 2
+9 4
+4 1
+4 1
-3 2
+2 2
+1 1
-6 1
+1 1
+4 1
+1 3
+1 2
+12 174
-1 174
+1 87
-1 174
cfn=(338) _IO_do_write@@GLIBC_2.1
calls=87 509 
* 9483
* 174
-7 7
-1 7
+1 7
-1 21
cfn=(338)
calls=7 509 
* 663
* 7
-31 2
cfi=(73)
cfn=(324)
calls=1 414 
* 158
+1 6

fn=(338)
509 94
+2 94
-2 188
+2 560
cfn=(362) new_do_write
calls=93 +10 
* 8556
* 372
+1 282

fn=(362)
521 558
+2 186
+15 651
cfn=(364) _IO_file_write@@GLIBC_2.1
calls=93 1254 
* 4650
* 93
+1 279
+6 93
-4 93
+4 93
-4 279
+1 186
+3 93
-2 93
-5 93
+9 465
-17 93
+3 93
-3 279
+14 186

fn=(318)
1281 19190
+7 19190
-7 115140
cfi=(43)
cfn=(178)
calls=19190 55 
* 38380
* 38380
+6 38380
+7 25612
+17 4
+4 19224
+5 38412
cfi=(77)
cfn=(342)
calls=6402 40 
* 102421
* 6402
+5 6402
-5 6402
+6 19206
+2 19206
+27 12806
+1 115140
-45 2
+17 3
+4 35
cfn=(322)
calls=7 824 
* 1094
* 14
+6 7
+1 7
-1 7
+1 35
+2 21
+11 14
+1 35
cfi=(73)
cfn=(340)
calls=7 447 
* 12439
* 14
-57 19206
+1 12804
+3 25608
+2 128457
-2 89882
+4 24

fn=(364)
1254 372
+2 93
-2 186
+2 372
+11 93
+1 93
-12 186
+5 651
cfi=(82)
cfn=(366)
calls=93 81 
* 1302
+1 186
+9 372
+3 744

fn=(478)
886 5
cfi=(43)
cfn=(178)
calls=1 55 
* 2
* 1
+5 4
+2 1
+1 2
+17 3
+4 4

fn=(328) _IO_file_stat
1222 1
+1 7
cfi=(75)
cfn=(330)
calls=1 33 
* 17
+1 2

fn=(474)
461 3
+1 1
-1 1
cfi=(43)
cfn=(178)
calls=1 55 
* 2
* 2
+1 5
cfi=(73)
cfn=(476)
calls=1 +95 
* 81
* 2
+4 2
-1 2
+2 3
+2 1
+1 4

fl=(74)
fn=(326)
96 7
cfi=(43)
cfn=(178)
calls=1 -41 
* 2
* 1
+15 9
cfi=(71)
cfn=(328)
calls=1 1222 
* 27
* 2
+2 4
+11 3
+4 7
cfi=(76)
cfn=(334)
calls=1 -99 
* 25
* 2
+1 6
cfi=(73)
cfn=(336)
calls=1 399 
* 25
+1 1
+1 6
-13 2
fi=(104) /build/buildd/eglibc-2.19/libio/../sysdeps/unix/sysv/linux/sys/sysmacros.h
-77 5
fe=(74)
+77 1
-2 2
+8 1
-3 1
+3 2

fl=(84)
fn=(376)
43 3
+1 3
+2 3
+2 3
+46 6
+1 6
+2 6
+1 6
+2 6
+1 6
+2 6
+2 6
+2 6
+3 5
+1 5
+2 5
+1 5
+2 5
+1 5
+2 4
+2 4
+2 4
+3 4
+1 4
+2 4
+1 4
+2 4
+1 4
+2 4
+2 4
+2 4
+3 3
+1 3
+2 3
+1 3
+2 3
+1 3
+2 3
+2 3
+2 3
+3 3
+1 3
+2 3
+1 3
+2 3
+1 3
+2 3
+2 1
+1 1
+2 1
+1 1
+2 1
+2 1
+3 1
-3 2
+3 2

fl=(72)
fn=(320)
165 25576
+3 6394
-3 6394
cfi=(43)
cfn=(178)
calls=6394 55 
* 12788
* 25576
+3 25576
+2 12788
+9 473012
+9 38364

fl=(54)
fn=(238)
29 1
+2 1
-2 2
cfi=(43)
cfn=(178)
calls=1 +26 
* 2
* 1
+2 7
+2 4
+2 4
+1 3

fl=(98)
fn=(410)
82 5
cfi=(43)
cfn=(178)
calls=1 -27 
* 2
* 1
+1 1
-1 1
+1 2
cob=(1)
cfi=(38)
cfn=(418)
calls=1 769 
* 19
cob=(1)
cfi=(60)
cfn=(262)
calls=1 -55 
* 1100
* 5
* 2
+3 1
-3 3
+18 6

fl=(85)
fn=(380)
161 6
+54 1
-54 1
cfi=(43)
cfn=(178)
calls=1 55 
* 2
* 1
+33 1
+2 1
+19 6
+59 3
+2 8
+1 2
+23 5
+42 1
176 1
-1 1
351 1
-2 1
+2 1
-2 1
+47 1
+4 3
cfi=(86)
cfn=(382)
calls=1 28 
* 16
* 3
1264 6
415 3
cfi=(87)
cfn=(384)
calls=1 21 
* 18
* 3
+56 1
+12 1
-12 6
+1 1
+3 4
+1 1
-1 3
+1 1
+1 2
-1 1
+1 1
+7 1
-8 1
+1 1
+7 1
+9 4
+15 6
+41 1
-41 4
+41 2
-7 1
+1 1
+1 2
-1 7
cfi=(90)
cfn=(390)
calls=1 40 
* 29
* 1
+15 3
+9 13
+2 38
-56 12
+4 60
-4 1
+4 5
+2 2
-88 9
cfi=(88)
cfn=(386)
calls=1 33 
* 34
+4 3
-4 1
+4 2
+68 6
-2 11
cfi=(89)
cfn=(388)
calls=1 31 
* 28
+3 4
-3 1
+3 4
+1 1
-1 1
+1 1
+1 8
+52 7
cfi=(91)
cfn=(392)
calls=1 38 
* 18
* 4
+3 8
cfi=(90)
cfn=(390)
calls=1 40 
* 29
+1 3
+1 4
+1 1
-1 1
+1 4
+6 1
+6 2
-6 1
+6 1
+4 24
+35 5
+16 9
cfi=(92)
cfn=(394)
calls=1 31 
* 30
+2 1
+1 1
-1 2
+1 9
cfi=(92)
cfn=(394)
calls=1 31 
* 30
+2 8
+14 1
828 1
+10 2
-10 1
+10 1
-10 1
+10 3
+2 2
-2 1
+2 1
+10 2
+48 1
-61 1
+61 2
+15 3
-1 4
+7 2
fi=(105) /build/buildd/eglibc-2.19/stdio-common/../nptl/sysdeps/pthread/allocalim.h
28 2
fe=(85)
929 6
-9 1
+10 3
+3 4
+3 7
+3 1
-1 1
+1 1
cfn=(396) hack_digit.13386
calls=1 231 
* 140
* 2
-1 2
+1 2
cfn=(396)
calls=2 231 
* 280
-3 3
+3 3
-3 7
+6 3
+1 3
+2 2
-4 1
+4 2
+12 1
+1 2
+1 21
+1 2
+3 6
-1 6
+2 6
-1 6
cfn=(396)
calls=6 231 
* 827
* 6
+1 12
+2 3
+9 4
+1 2
cfn=(396)
calls=1 231 
* 140
+2 1
-2 1
+2 2
+1 1
-1 1
fi=(95) /build/buildd/eglibc-2.19/stdio-common/../sysdeps/generic/get-rounding-mode.h
93 1
+1 5
fe=(85)
1094 2
+7 2
+3 3
+13 3
+46 7
+2 6
+2 1
-2 1
+2 7
208 1
1170 2
+7 5
+9 3
+8 4
+2 3
cfi=(84)
cfn=(376)
calls=1 43 
* 22
* 1
+2 3
+5 1
+1 2
-1 1
+2 3
+11 6
+1 3
+6 5
+3 18
+3 18
-6 30
+1 30
+1 7
cfi=(77)
cfn=(342)
calls=1 40 
* 15
* 2
fi=(95)
94 2
fi=(96) /build/buildd/eglibc-2.19/stdio-common/../include/rounding-mode.h
-42 2
fe=(85)
1233 3
-1 1
+18 3
+3 3
+7 4
-88 4
853 1
-1 1
+1 5
+3 3
+2 1
-3 1
-1 1
+4 1
+2 2
-7 1
+5 1
-5 2
1250 4
-76 2
625 2
1250 90
1025 1
853 2
623 1
1199 2
584 4
+2 2
+26 3
1250 30
cfi=(73)
cfn=(350)
calls=10 239 
* 640
* 20

fn=(396)
231 50
+3 10
-3 10
cfi=(43)
cfn=(178)
calls=10 55 
* 20
* 10
+3 20
+2 30
+7 30
+20 50
cfi=(94)
cfn=(400)
calls=10 37 
* 270
+1 20
+1 45
+4 60
-22 100
cfi=(93)
cfn=(398)
calls=10 56 
* 502
+1 40
+4 10
-4 10
+1 10
+2 10
+1 60
+17 20

ob=(5)
fl=(59)
fn=(294)
0 4
cfn=(296) three_nested_loop()
calls=1 0 
0 27275832
0 3

fn=(424)
0 6
cfn=(428) 0x08048420
calls=1 0 
0 5
0 3

fn=(276)
0 6

fn=(296)
0 9
cob=(3)
cfi=(65)
cfn=(302)
calls=1 26 
0 79
cob=(1)
cfi=(60)
cfn=(262)
calls=1 28 
0 775
0 5
0 16
cob=(3)
cfi=(65)
cfn=(302)
calls=1 26 
0 79
0 1
0 16
cob=(3)
cfi=(65)
cfn=(302)
calls=1 26 
0 79
0 1
0 151
cob=(3)
cfi=(68)
cfn=(312)
calls=1 28 
0 975
cob=(1)
cfi=(60)
cfn=(262)
calls=1 28 
0 844
0 5
0 4
cob=(3)
cfi=(68)
cfn=(312)
calls=1 28 
0 609
0 1
0 4
cob=(3)
cfi=(68)
cfn=(312)
calls=1 28 
0 609
0 1
0 2
cob=(3)
cfi=(78)
cfn=(348)
calls=1 26 
0 119
cob=(1)
cfi=(60)
cfn=(262)
calls=1 28 
0 820
0 5
0 21582
cob=(3)
cfi=(65)
cfn=(302)
calls=7138 26 
0 563902
0 7138
0 170522
cob=(3)
cfi=(65)
cfn=(302)
calls=6622 26 
0 523138
0 6622
0 139668
cob=(3)
cfi=(80)
cfn=(358)
calls=1 29 
0 37
cob=(1)
cfi=(60)
cfn=(262)
calls=1 28 
0 798
0 5
0 20995256
cob=(3)
cfi=(68)
cfn=(312)
calls=1 28 
0 2685
0 1
0 2
cob=(3)
cfi=(68)
cfn=(312)
calls=1 28 
0 3122
0 1
0 2
cob=(3)
cfi=(83)
cfn=(374)
calls=1 34 
0 3237
cob=(1)
cfi=(60)
cfn=(262)
calls=1 28 
0 782
0 5
0 2
cob=(3)
cfi=(83)
cfn=(374)
calls=1 34 
0 2256
0 1
0 2
cob=(3)
cfi=(68)
cfn=(312)
calls=1 28 
0 2685
0 1
0 2
cob=(3)
cfi=(68)
cfn=(312)
calls=1 28 
0 2685
0 1
0 168
cob=(3)
cfi=(78)
cfn=(348)
calls=83 26 
0 19671
0 83
0 70467
cob=(3)
cfi=(68)
cfn=(312)
calls=6391 28 
0 3917683
0 6391
0 12782
cob=(3)
cfi=(78)
cfn=(348)
calls=6391 26 
0 760529
0 6391
0 26150
cob=(3)
cfi=(78)
cfn=(348)
calls=1 26 
0 237
0 1
0 1
cob=(3)
cfi=(80)
cfn=(358)
calls=1 29 
0 37
0 1
0 16
cob=(3)
cfi=(68)
cfn=(312)
calls=1 28 
0 3627
0 1
0 2
cob=(3)
cfi=(78)
cfn=(348)
calls=1 26 
0 237
0 1
0 7

fn=(284) 0x080484b0
0 13

fn=(254)
0 13
cob=(3)
cfi=(62)
cfn=(268)
calls=1 133 
0 27279056
cob=(1)
cfi=(60)
cfn=(262)
calls=1 28 
0 1009
0 5

fn=(428)
0 5

fn=(274)
0 6
cfn=(276)
calls=1 0 
0 2
0 5
cob=(2)
cfi=(16)
cfn=(278)
calls=1 0 
0 12
0 12
cfn=(284)
calls=1 0 
0 13
0 9

totals: 27387998
